-22.8 368.8 0.01565 0.00349 143.5 -0.04 1 1508
115.9 50.4 0.01799 0.00272 103.4 -0.03 1 1508
-340.7 122.7 0.01163 0.00492 110.6 -0.07 1 1508
66.4 119.3 0.01968 -0.01158 11.8 -0.20 1 1508
-413.8 357.7 0.01302 0.00259 81.7 -0.06 1 1508
-6.3 364.8 0.01840 0.00414 12.5 -0.26 1 1508
-320.3 190.2 0.01174 0.00233 118.4 -0.06 1 1508
128.0 356.2 0.01892 -0.00050 17.8 -0.17 -1 1508
-76.5 358.6 0.01124 0.00611 15.6 -0.18 1 1508
178.2 -121.1 0.01804 -0.00535 128.1 -0.02 1 1508
-346.1 -123.6 0.02106 -0.00690 19.4 -0.16 1 1508
-33.3 -37.0 0.01951 -0.00770 16.8 -0.27 1 1508
7.1 -45.1 0.01860 0.00344 41.6 -0.07 -1 1508
-300.7 91.1 0.01497 0.00192 6.2 -0.75 -1 1508
177.1 164.8 0.01755 0.00155 115.1 -0.02 1 1508
-220.9 329.8 0.01385 -0.00280 9.0 -0.36 -1 1508
153.9 27.8 0.02644 0.00517 11.8 -0.36 1 1508
-79.0 277.6 0.01560 0.00855 0.9 -19.28 1 1508
-25.7 143.6 0.01592 0.00189 13.8 -0.17 1 1508
-77.9 182.5 0.01129 0.00081 9.8 -0.34 1 1508
-24.8 187.2 0.01592 0.00164 142.1 -0.02 1 1508
28.4 47.6 0.01637 0.00007 147.7 -0.02 1 1508
142.8 214.7 0.01751 0.00183 129.7 -0.03 1 1508
316.5 420.2 0.02826 0.01399 39.7 -0.06 1 1508
199.3 -3.4 0.02001 -0.00139 2.5 -4.24 1 1508
-372.6 325.5 0.01276 0.00349 7.8 -0.52 1 1508
-341.7 238.8 0.01127 0.00022 14.2 -0.24 1 1508
133.5 0.0 0.01710 0.00029 155.6 -0.01 1 1508
-175.5 -338.3 -0.03875 -0.02716 3.3 -0.18 -1 1508
98.1 48.7 0.01685 0.00103 153.5 -0.02 1 1508
-251.6 -17.2 0.00942 -0.00008 39.7 -0.11 -1 1508
-365.5 118.0 0.00941 -0.00525 12.1 -0.27 1 1508
-148.8 367.6 0.00795 0.00891 40.5 -0.12 1 1508
59.5 188.6 0.02292 -0.00209 4.6 -1.21 1 1508
2.3 128.2 0.01634 0.00099 112.5 -0.03 1 1508
-203.9 359.9 0.01573 0.00373 14.7 -0.20 1 1508
-192.6 9.5 0.01684 -0.00162 8.0 -0.48 1 1508
183.7 206.3 0.01782 0.00198 178.0 -0.02 1 1508
-195.2 -52.5 0.01431 0.00006 144.7 -0.03 1 1508
58.6 126.7 0.01571 0.00084 120.1 -0.03 1 1508
-349.0 -98.6 0.01525 -0.00003 7.6 -0.52 1 1508
-312.4 78.0 0.01719 -0.00315 24.8 -0.15 -1 1508
199.0 386.5 0.01655 0.00731 79.6 -0.05 1 1508
-51.5 182.4 0.01471 -0.00359 4.7 -1.25 -1 1508
100.5 101.7 0.01885 -0.00409 36.0 -0.10 1 1508
-323.8 0.9 0.01056 0.00130 25.1 -0.20 1 1508
-352.2 272.2 0.01299 0.00268 147.8 -0.06 1 1508
216.5 357.5 0.02212 -0.00853 21.1 -0.14 -1 1508
-111.4 -25.3 0.01386 -0.00049 194.7 -0.01 -1 1508
173.9 73.2 0.01739 0.00028 166.8 -0.02 1 1508
-153.1 111.7 0.01484 0.00066 159.7 -0.02 1 1508
-38.5 86.1 0.01574 0.00102 142.0 -0.02 1 1508
356.9 326.1 0.01415 0.00450 75.7 -0.05 1 1508
-239.3 -121.0 0.00170 -0.00844 32.0 -0.14 1 1508
-383.1 239.1 0.01211 0.00224 158.1 -0.07 1 1508
-327.5 56.9 0.01290 -0.00010 180.1 -0.05 1 1508
-51.7 146.3 0.01454 -0.00430 17.6 -0.15 1 1508
-264.3 259.5 0.01727 -0.00141 19.3 -0.17 -1 1508
111.7 -44.4 0.01248 0.00319 68.7 -0.02 1 1508
-306.2 227.7 0.01341 0.00234 165.5 -0.05 1 1508
67.5 320.6 0.02393 -0.00658 20.0 -0.12 1 1508
-139.8 -111.0 0.01408 -0.00013 189.9 -0.02 -1 1508
-206.5 360.7 0.01673 0.00090 3.4 -2.06 1 1508
207.5 182.7 0.01732 0.00128 10.0 -0.28 -1 1508
-25.7 58.1 0.01077 0.00028 33.5 -0.05 -1 1508
-71.8 -88.8 0.01500 0.00054 97.8 -0.03 1 1508
-334.8 315.3 0.01052 0.00647 8.1 -0.53 1 1508
-176.0 -73.0 0.01462 -0.00380 8.0 -0.55 -1 1508
-241.0 390.4 0.03255 -0.00334 3.5 -0.71 1 1508
-406.0 219.7 0.01075 -0.00023 3.0 -2.80 -1 1508
-187.3 237.2 0.01635 -0.00925 28.3 -0.11 1 1508
-46.3 325.2 0.01852 0.00034 16.6 -0.15 1 1508
-120.9 267.9 0.01463 0.00174 110.3 -0.04 1 1508
-296.1 35.7 0.01273 0.00088 92.7 -0.05 1 1508
57.1 158.2 0.01696 0.00771 41.8 -0.08 1 1508
59.5 -3.7 0.01574 0.00005 159.1 -0.02 1 1508
-340.2 -86.6 0.01323 -0.00093 117.0 -0.06 1 1508
246.7 503.4 0.02880 0.03193 5.9 -0.15 1 1508
-53.6 415.3 -0.00932 0.03056 4.6 -0.37 -1 1508
-202.3 79.3 0.01574 -0.00298 10.5 -0.38 -1 1508
-220.5 212.1 0.01196 0.01220 22.3 -0.14 1 1508
496.6 28.2 0.03066 -0.01286 17.9 -0.10 1 1508
-104.9 168.3 0.02210 -0.00449 4.3 -1.53 -1 1508
-214.5 349.7 0.01246 0.00200 15.0 -0.19 1 1508
-208.4 359.3 0.01236 0.00056 26.3 -0.14 -1 1508
-433.1 -56.5 0.01370 0.00100 80.5 -0.08 1 1508
36.6 269.5 0.01600 0.00261 170.7 -0.03 1 1508
-92.3 -52.8 0.01469 -0.00067 133.4 -0.02 1 1508
-88.9 236.9 0.01547 0.00198 156.5 -0.03 1 1508
-30.2 265.4 0.02418 0.00245 43.8 -0.18 1 1508
-104.4 161.0 0.02130 -0.00772 15.0 -0.26 -1 1508
24.5 136.6 0.01792 -0.00277 14.8 -0.23 1 1508
-8.8 330.1 0.01590 0.00331 128.8 -0.05 1 1508
-223.2 56.2 0.01335 0.00010 141.0 -0.04 1 1508
-191.9 294.7 0.00782 -0.00292 8.6 -0.50 -1 1508
-57.0 32.6 0.01316 -0.00022 74.2 -0.05 1 1508
-269.5 210.3 0.01401 0.00130 28.3 -0.07 1 1508
14.2 220.7 -0.00255 0.07456 1.4 -1.13 1 1508
50.0 281.3 0.01815 0.00330 9.4 -0.37 1 1508
-460.5 -110.8 0.00752 -0.00153 73.0 -0.08 1 1508
-6.4 156.8 0.01403 0.00003 52.3 -0.06 1 1508
-56.5 30.0 0.01214 -0.00169 5.0 -0.95 -1 1508
-235.7 271.1 0.01149 0.00896 46.4 -0.10 1 1508
-24.1 108.5 0.01584 0.00138 138.7 -0.03 1 1508
111.2 194.7 0.01944 0.00011 11.2 -0.27 1 1508
-258.0 54.6 0.01288 0.00039 149.6 -0.05 1 1508
-407.7 163.8 0.01175 0.00100 154.4 -0.07 1 1508
15.4 231.3 0.01634 0.00209 91.8 -0.03 1 1508
126.8 139.3 0.01725 0.00112 161.7 -0.01 1 1508
-53.2 -77.5 0.01588 -0.00385 9.8 -0.40 -1 1508
-265.9 -7.3 0.01397 0.00004 183.4 -0.03 1 1508
227.7 353.9 0.01514 0.00466 100.3 -0.03 1 1508
152.0 -28.4 0.01661 -0.00067 138.0 -0.02 1 1508
-235.7 512.4 0.00263 0.01158 55.9 -0.10 1 1508
-61.3 317.1 0.01556 0.00243 152.3 -0.03 1 1508
1.6 121.3 0.02276 0.00709 25.1 -0.16 1 1508
133.4 -81.6 0.01699 -0.00418 9.4 -0.40 1 1508
-271.0 -54.9 0.01355 0.00006 139.2 -0.04 1 1508
188.6 82.3 0.01747 0.00220 8.4 -0.47 -1 1508
-79.4 319.4 0.01980 -0.00480 6.7 -0.70 1 1508
-86.7 -86.6 0.01145 -0.01059 16.1 -0.21 1 1508
192.0 2.2 0.01989 -0.00197 5.2 -1.01 -1 1508
159.7 357.3 0.02025 0.00087 22.9 -0.13 1 1508
2.8 132.7 0.01631 0.00398 139.4 -0.04 1 1508
-77.5 430.6 0.01257 0.00607 66.2 -0.06 1 1508
55.8 572.5 0.00237 0.01531 26.8 -0.09 1 1508
-204.3 88.1 0.01641 -0.00043 10.1 -0.32 1 1508
-82.3 210.8 0.01376 0.00241 11.2 -0.29 -1 1508
-232.9 175.0 0.01392 0.00210 154.3 -0.04 1 1508
-330.6 79.1 0.01423 0.00804 7.1 -0.50 -1 1508
-415.2 -64.3 0.01161 -0.00191 146.8 -0.07 1 1508
-285.0 -98.0 0.01043 -0.00023 20.5 -0.16 1 1508
-303.5 -149.2 0.02463 0.02485 5.0 -0.09 1 1508
-255.6 114.5 0.01283 0.00120 175.7 -0.05 1 1508
-247.8 317.0 0.01214 0.00130 7.1 -0.55 -1 1508
-235.0 -38.0 0.00921 -0.00842 11.5 -0.33 1 1508
68.3 400.5 0.01377 0.00026 124.5 -0.03 1 1508
-467.6 23.9 0.01601 0.00562 61.6 -0.09 1 1508
-206.2 391.7 0.00994 -0.00396 29.7 -0.11 1 1508
36.4 -105.6 0.01304 -0.00177 84.8 -0.04 1 1508
-54.1 246.8 0.03841 -0.00359 7.7 -0.35 1 1508
-282.5 219.2 0.01365 0.00241 10.6 -0.31 1 1508
162.2 299.4 0.01745 0.00275 106.1 -0.04 1 1508
56.3 327.0 0.01627 0.00315 108.2 -0.05 1 1508
225.6 311.3 0.02422 -0.01046 19.9 -0.18 1 1508
132.3 229.7 0.01475 -0.00077 43.8 -0.04 1 1508
17.7 -95.7 0.01222 0.00173 81.9 -0.03 1 1508
-116.5 11.6 0.01433 -0.01180 4.5 -0.57 1 1508
-402.9 227.6 0.01168 0.00682 33.7 -0.13 1 1508
-270.9 340.1 0.01335 0.00338 141.9 -0.06 1 1508
155.9 311.9 0.01945 0.00266 3.7 -1.90 -1 1508
-415.7 -38.0 0.01342 0.00173 59.6 -0.09 1 1508
-31.4 -40.1 0.01379 0.00120 90.5 -0.02 1 1508
-287.2 -83.9 0.01205 -0.00089 64.6 -0.06 1 1508
174.8 234.1 0.01779 0.00216 167.3 -0.02 1 1508
-81.4 111.8 0.06524 -0.05293 1.7 -1.69 1 1508
-163.9 3.6 0.01261 -0.00407 9.1 -0.44 1 1508
222.4 204.9 0.02005 0.00409 91.4 -0.04 1 1508
9.0 394.7 0.01754 0.00265 133.7 -0.05 1 1508
-236.4 8.5 0.01404 -0.00039 136.4 -0.04 1 1508
234.9 -72.3 0.01402 0.00846 55.5 -0.02 -1 1508
-419.5 233.5 0.01170 -0.00187 92.8 -0.07 1 1508
16.7 401.6 0.01608 0.00065 157.2 -0.03 1 1508
4.0 166.1 0.01547 0.00078 141.1 -0.02 1 1508
-64.3 29.1 0.02301 0.00158 25.1 -0.18 1 1508
-73.9 352.7 0.01512 0.00337 94.7 -0.05 1 1508
-123.9 255.5 0.01643 0.00303 5.7 -0.89 1 1508
54.0 103.8 0.01680 0.00094 173.6 -0.02 1 1508
-90.8 -36.3 0.01734 0.00344 16.4 -0.19 1 1508
-56.5 192.4 0.01213 0.00106 4.7 -0.81 -1 1508
-221.3 301.2 0.02611 -0.04220 3.2 -0.45 -1 1508
-241.1 -85.2 0.01300 -0.00075 142.6 -0.05 1 1508
-342.8 360.0 0.01351 -0.00054 27.6 -0.19 -1 1508
208.3 215.7 0.01693 0.00170 80.2 -0.03 1 1508
54.0 33.5 0.01671 0.00308 62.3 -0.04 1 1508
83.8 -79.9 0.01852 0.00022 7.4 -0.57 1 1508
-289.3 298.0 0.01575 0.00037 1.9 -6.41 1 1508
-308.7 547.3 0.02471 0.02550 15.6 -0.14 1 1508
-249.5 -109.7 0.01336 -0.00399 1.8 -7.94 -1 1508
354.3 -105.4 0.01204 -0.04881 3.0 -0.20 1 1508
-335.7 310.2 0.00094 0.00900 30.7 -0.19 1 1508
-285.7 184.2 0.01631 -0.01499 2.6 -2.72 -1 1508
-43.2 341.8 0.01856 0.01351 26.5 -0.19 1 1508
177.6 138.0 0.01747 0.00153 155.0 -0.02 1 1508
-227.9 273.7 0.01409 0.00283 174.6 -0.05 1 1508
116.2 327.0 0.01677 0.00332 67.3 -0.05 1 1508
25.5 160.4 0.01625 0.00179 148.2 -0.02 1 1508
261.5 1.7 0.12646 0.06956 0.9 -1.11 1 1508
-298.7 228.9 0.01123 0.00140 68.3 -0.09 1 1508
-296.7 243.1 0.01356 0.00229 152.6 -0.05 1 1508
-417.0 -49.6 0.01686 -0.00161 98.4 -0.07 1 1508
-252.1 141.4 0.01273 0.00163 102.4 -0.05 1 1508
-394.9 157.0 0.00966 0.00187 32.7 -0.17 1 1508
-209.1 219.3 0.01129 0.03860 4.9 -0.65 1 1508
210.3 154.4 0.01921 0.00094 118.3 -0.03 1 1508
-27.2 -46.3 0.01599 -0.00010 160.3 -0.02 1 1508
-392.2 53.5 0.00932 -0.00347 14.0 -0.31 1 1508
-228.3 111.1 0.01364 0.00094 140.8 -0.04 1 1508
114.1 171.8 0.01986 -0.00002 23.9 -0.11 1 1508
-1.4 165.0 0.01588 -0.00352 8.2 -0.40 1 1508
191.0 355.4 0.01780 0.00349 148.4 -0.04 1 1508
157.5 -83.5 0.01657 -0.00084 144.2 -0.02 1 1508
-347.3 -78.4 0.00808 0.00053 2.9 -2.62 -1 1508
-177.6 -92.4 0.01665 -0.00022 6.2 -0.76 1 1508
163.6 57.5 0.01719 -0.00011 162.4 -0.02 1 1508
-238.0 -74.6 0.01593 -0.00271 1.4 -13.96 -1 1508
97.5 87.7 0.01427 -0.00014 25.7 -0.09 1 1508
152.3 427.0 0.01919 0.00113 67.8 -0.05 1 1508
-176.2 61.1 0.01050 -0.00021 42.7 -0.10 1 1508
-300.9 139.3 0.01490 -0.00448 12.8 -0.18 1 1508
514.6 -130.5 0.03027 -0.01033 8.6 -0.10 1 1508
-256.2 305.4 0.01077 0.00318 40.0 -0.14 1 1508
115.4 54.9 0.02001 -0.00206 10.8 -0.31 1 1508
-20.4 259.8 0.01818 0.00326 9.6 -0.34 -1 1508
-38.5 422.9 0.01231 0.00678 48.2 -0.06 1 1508
-47.8 292.6 0.01576 0.00291 79.8 -0.05 1 1508
30.2 319.0 0.01065 -0.00301 75.1 -0.06 1 1508
167.9 385.9 0.01452 0.00785 77.8 -0.05 1 1508
14.7 -40.6 0.01815 -0.00384 4.3 -1.38 -1 1508
-194.6 523.6 0.01631 0.01578 13.3 -0.09 1 1508
64.2 363.7 0.01582 0.00419 17.0 -0.13 1 1508
-211.9 400.0 0.01148 -0.00188 52.7 -0.07 1 1508
36.2 -65.9 0.01962 -0.00095 28.8 -0.20 1 1508
-97.5 191.6 0.01464 0.00453 6.5 -0.60 1 1508
-52.7 186.7 0.01484 0.00202 166.1 -0.03 1 1508
0.3 24.3 0.01813 0.00317 123.2 -0.04 1 1508
134.2 220.3 0.01562 0.00256 9.5 -0.35 -1 1508
-40.0 341.7 0.01697 0.00364 21.2 -0.12 -1 1508
68.8 -38.1 0.01716 0.00015 135.7 -0.02 1 1508
304.5 214.3 0.11382 -0.01190 1.3 -0.65 1 1508
218.0 378.0 0.03593 0.04052 2.0 -0.76 -1 1508
-90.6 113.0 0.01436 0.00077 85.7 -0.04 1 1508
131.8 394.7 0.02525 -0.00127 32.3 -0.20 1 1508
-311.8 39.2 0.01284 -0.00023 105.6 -0.06 1 1508
39.9 218.9 0.02175 0.00225 34.9 -0.16 1 1508
-312.5 129.0 0.01252 0.00140 136.8 -0.05 1 1508
-401.3 -63.2 0.00984 0.00278 10.5 -0.31 1 1508
-85.1 119.2 0.01265 0.00048 29.2 -0.12 1 1508
-370.5 304.8 0.01126 0.00096 8.0 -0.54 1 1508
39.9 -30.6 0.01652 -0.00015 174.7 -0.02 1 1508
187.4 137.7 0.01949 0.00297 51.7 -0.04 1 1508
85.8 -32.2 0.02186 -0.00648 2.4 -2.41 -1 1508
-398.4 289.7 0.01168 0.00258 162.2 -0.08 1 1508
-237.0 229.7 0.00666 0.00103 69.7 -0.09 1 1508
110.0 341.0 0.01705 0.00338 167.9 -0.04 1 1508
-131.9 27.6 0.02919 -0.02520 5.7 -0.44 1 1508
-260.2 289.5 0.01796 0.00061 20.9 -0.20 -1 1508
-26.4 257.8 0.01602 0.00273 10.5 -0.29 1 1508
-154.0 69.5 0.01335 0.00120 126.1 -0.02 -1 1508
-151.6 -89.0 0.01218 -0.00443 45.5 -0.16 1 1508
-316.1 90.5 0.00895 -0.00246 30.4 -0.16 1 1508
-316.6 75.5 0.01079 -0.00095 36.9 -0.12 1 1508
-304.1 275.0 0.01272 -0.00713 8.3 -0.43 1 1508
91.1 91.8 0.01956 0.00143 18.6 -0.14 1 1508
-158.4 -38.2 0.01547 0.00173 126.8 -0.03 1 1508
-94.9 144.3 0.02049 0.00713 44.3 -0.13 1 1508
-255.1 288.2 0.01476 0.00317 12.9 -0.22 -1 1508
-104.3 186.0 0.01488 0.00237 81.3 -0.04 1 1508
181.0 146.1 0.01765 0.00118 115.9 -0.03 1 1508
138.6 84.1 0.01803 0.00253 65.3 -0.08 1 1508
112.6 84.5 0.02697 -0.00287 21.0 -0.27 1 1508
-285.8 171.3 0.01595 0.00272 9.0 -0.40 -1 1508
146.1 -86.5 0.01575 0.00024 99.2 0.00 1 1508
-434.7 394.9 0.01191 0.00644 96.8 -0.09 1 1508
-75.1 -0.9 0.00945 -0.00222 4.8 -1.02 1 1508
-221.6 -76.4 0.00859 0.00230 8.4 -0.30 1 1508
-69.2 -13.8 0.01545 0.00037 153.1 -0.02 1 1508
104.8 34.8 0.01708 0.00003 130.1 -0.02 1 1508
56.2 338.0 0.00604 -0.00656 11.6 -0.19 -1 1508
-228.5 85.9 0.00394 -0.00184 37.5 -0.11 1 1508
219.5 240.1 -0.00270 -0.05181 4.7 -0.32 1 1508
-365.1 63.4 0.00943 -0.00101 49.6 -0.15 1 1508
-374.6 -61.1 0.01848 -0.00961 26.6 -0.17 -1 1508
-210.3 371.0 0.01360 0.00355 123.6 -0.07 1 1508
-268.0 15.9 0.01501 0.00538 19.5 -0.07 1 1508
-6.1 275.6 0.01599 0.00282 158.6 -0.03 1 1508
-86.4 234.4 0.01512 0.00254 138.7 -0.04 1 1508
-205.5 146.1 0.01086 0.00142 72.4 -0.11 -1 1508
-338.9 471.8 0.03132 0.00447 19.2 -0.13 1 1508
-245.8 111.9 0.01323 0.00048 144.1 -0.05 1 1508
-37.5 233.5 0.01545 0.00266 105.4 -0.04 1 1508
-40.2 383.9 0.01563 -0.00498 30.5 -0.06 1 1508
-77.6 -97.8 0.01439 0.00586 63.4 -0.02 1 1508
71.6 -101.7 0.02725 -0.00110 45.7 -0.22 1 1508
233.6 365.5 0.02094 0.00220 96.4 -0.05 1 1508
-5.7 142.8 0.01787 -0.00105 5.8 -0.90 1 1508
-479.1 -34.2 0.00863 -0.00361 18.4 -0.11 1 1508
-50.1 10.2 0.02309 -0.00573 4.2 -1.34 1 1508
-78.1 211.8 0.01536 0.00230 154.1 -0.03 1 1508
-281.5 -16.0 0.01741 -0.01456 4.4 -0.92 1 1508
-151.7 41.6 0.00968 0.00464 20.2 -0.11 1 1508
-183.6 2.5 0.01698 -0.00370 5.5 -0.95 -1 1508
-180.1 -13.1 0.01377 -0.00058 154.2 -0.03 1 1508
-196.3 428.4 0.01587 0.05676 1.9 -0.76 1 1508
-62.1 101.6 0.01513 -0.00280 27.2 -0.11 1 1508
36.9 -38.4 0.01755 0.00025 148.5 -0.02 1 1508
-419.0 -94.0 0.01029 0.00173 114.5 -0.08 1 1508
164.5 -2.5 0.01748 -0.00031 172.7 -0.01 1 1508
-460.4 371.6 -0.00507 -0.00214 18.4 -0.22 1 1508
307.7 50.1 0.02651 0.00152 73.5 -0.03 1 1508
226.1 151.9 0.01540 0.00081 111.6 -0.02 1 1508
-315.2 387.5 0.01650 0.00205 64.3 -0.11 1 1508
110.6 239.4 0.01669 0.00157 172.4 -0.02 1 1508
-166.2 396.1 0.01613 0.00203 80.5 -0.07 1 1508
-67.1 266.0 0.01485 0.00269 157.8 -0.04 1 1508
-327.7 140.5 0.01022 0.01009 9.9 -0.31 1 1508
-360.1 240.9 0.01578 0.00376 117.8 -0.07 1 1508
-320.4 -66.1 0.01151 -0.00277 20.5 -0.20 -1 1508
-467.0 -174.0 0.00254 0.00092 31.7 -0.09 1 1508
72.8 206.6 0.01636 0.00211 125.4 -0.02 1 1508
-208.5 274.7 0.01419 0.00285 143.0 -0.05 1 1508
29.9 347.6 0.01656 0.00297 111.8 -0.04 1 1508
-392.0 43.5 0.00851 -0.00268 11.6 -0.32 1 1508
-20.5 208.6 0.01261 0.00304 31.4 -0.13 1 1508
247.3 -91.0 0.01519 0.00073 15.2 -0.15 -1 1508
93.7 163.6 0.02553 -0.00534 18.0 -0.28 1 1508
23.0 147.9 0.01586 0.00181 110.0 -0.01 -1 1508
144.8 486.9 0.00413 0.01479 16.9 -0.07 1 1508
-413.2 -93.6 0.01111 -0.00597 57.3 -0.15 -1 1508
-96.6 426.2 0.01902 -0.00053 68.3 -0.05 1 1508
-251.7 360.6 0.01418 -0.00277 11.6 -0.25 -1 1508
-275.2 42.5 0.01301 0.00055 139.8 -0.05 1 1508
-395.2 321.1 0.01205 0.00299 112.0 -0.09 1 1508
189.8 125.8 0.01826 -0.00322 6.5 -0.54 1 1508
-140.1 80.3 0.01942 -0.00083 21.7 -0.19 1 1508
-262.2 247.9 0.01337 0.00218 190.5 -0.04 -1 1508
118.5 -170.6 0.01613 0.00081 25.2 -0.02 -1 1508
232.4 397.0 -0.00598 -0.05122 7.3 -0.16 1 1508
161.2 95.1 0.01664 0.00124 177.3 -0.01 1 1508
-284.1 -10.9 0.02004 -0.00130 5.0 -0.95 1 1508
-270.2 295.5 0.00366 0.00542 12.0 -0.25 1 1508
107.9 107.5 0.01363 0.00453 62.6 -0.02 1 1508
-354.8 -63.7 0.01296 0.00000 141.5 -0.04 1 1508
49.1 231.8 0.01609 0.00238 89.2 -0.03 1 1508
18.8 207.4 0.01623 0.00224 97.1 -0.04 1 1508
-362.8 230.5 0.01362 0.00380 117.6 -0.08 1 1508
183.1 -0.3 0.01742 0.00003 153.0 -0.02 1 1508
11.6 333.4 0.01360 0.00549 49.5 -0.09 1 1508
-344.1 -60.5 0.01246 -0.00069 134.9 -0.06 1 1508
175.9 174.8 0.01827 0.00252 182.8 -0.01 -1 1508
-0.7 309.0 0.01852 0.00165 9.9 -0.33 1 1508
80.8 1.9 0.01907 -0.00077 153.7 -0.02 1 1508
210.6 79.7 0.01852 0.00254 125.0 -0.01 -1 1508
74.7 92.8 0.01650 0.00329 160.2 -0.03 1 1508
-227.6 33.0 0.01386 -0.00030 157.4 -0.04 1 1508
213.9 -1.6 0.02008 0.00518 54.8 -0.05 1 1508
-351.2 129.1 0.01039 0.00486 54.5 -0.09 1 1508
-246.8 171.5 0.01616 0.00191 5.8 -0.86 1 1508
-213.0 300.0 0.01574 0.00307 5.2 -1.11 1 1508
-152.9 -94.5 0.01357 -0.00064 170.0 -0.04 1 1508
-41.7 -28.7 0.01363 -0.00488 22.8 -0.16 1 1508
-359.9 379.0 0.01123 -0.00074 69.3 -0.10 1 1508
-25.7 -5.5 0.01755 -0.00532 50.5 -0.12 1 1508
108.8 374.2 0.01528 0.00378 17.6 -0.15 -1 1508
-305.1 -40.9 0.01289 -0.00073 148.8 -0.05 1 1508
139.3 244.1 -0.01162 -0.02412 2.1 -2.32 -1 1508
-456.4 -136.9 0.01071 -0.01442 42.8 -0.09 1 1508
153.3 158.0 0.01705 0.00186 127.3 -0.03 1 1508
-200.4 -74.7 0.01352 -0.00429 11.7 -0.31 1 1508
49.6 154.4 0.01213 0.00310 117.0 -0.01 -1 1508
-383.5 80.0 0.00136 -0.00865 7.3 -0.54 1 1508
-182.6 -9.3 0.00769 -0.00025 6.0 -0.47 -1 1508
35.1 129.7 0.01653 0.00100 160.0 -0.02 1 1508
27.2 80.6 0.01247 -0.00014 28.0 -0.05 1 1508
-318.8 490.1 0.01884 0.00294 24.2 -0.13 1 1508
-117.8 99.1 0.01489 0.00044 174.3 -0.02 1 1508
-297.9 306.3 0.03934 0.01761 4.0 -0.35 1 1508
-195.6 306.7 0.00443 0.00401 46.4 -0.09 1 1508
-107.4 -22.6 0.01431 -0.00023 211.9 -0.01 -1 1508
-51.8 234.6 0.01546 0.00248 151.1 -0.03 1 1508
49.6 35.4 0.01623 -0.00025 144.9 -0.02 1 1508
-204.8 -58.7 0.01831 0.00141 11.0 -0.24 1 1508
-141.0 -42.5 0.01508 -0.00049 185.3 -0.02 1 1508
-49.4 -12.5 0.01775 -0.00409 14.9 -0.21 -1 1508
144.8 75.9 0.01908 0.00186 144.7 -0.03 1 1508
-139.3 294.4 0.00834 0.01485 22.3 -0.28 1 1508
-143.6 144.7 0.01828 0.00691 30.1 -0.12 1 1508
-173.2 -4.3 0.01408 0.00011 120.7 -0.03 1 1508
-343.0 360.1 0.00892 -0.00106 33.2 -0.14 1 1508
-177.7 -106.6 -0.02813 0.00804 1.9 -2.15 -1 1508
12.2 42.9 0.01633 0.00039 184.9 -0.02 1 1508
-203.9 -116.4 0.01609 -0.00151 95.9 -0.04 1 1508
57.9 305.8 0.01647 0.00323 70.4 -0.05 1 1508
-115.0 50.0 0.01409 0.00157 125.0 -0.04 1 1508
-294.7 214.7 0.01588 -0.00623 6.3 -0.70 -1 1508
-438.0 260.2 0.01034 0.00216 79.8 -0.08 1 1508
-136.1 95.6 0.01268 -0.00310 17.2 -0.18 -1 1508
-317.1 157.9 0.01301 0.00179 121.2 -0.06 1 1508
-336.6 349.2 0.01215 -0.00042 4.1 -1.65 1 1508
-287.9 -90.6 0.01247 0.00082 7.4 -0.57 -1 1508
-161.8 122.6 0.01526 0.00380 42.3 -0.08 1 1508
-152.9 441.9 0.01022 0.00907 64.1 -0.06 1 1508
-323.1 107.3 0.01234 0.00093 167.2 -0.06 1 1508
206.4 59.8 0.01988 -0.00782 20.8 -0.25 1 1508
-363.1 318.0 0.01228 0.00306 124.3 -0.07 1 1508
20.6 339.4 0.01457 0.00352 35.0 -0.09 1 1508
-2.0 100.0 0.01583 0.00099 126.3 -0.02 1 1508
-374.1 266.2 0.01252 0.00284 143.6 -0.07 1 1508
-35.5 326.0 0.00549 0.00086 22.8 -0.09 1 1508
88.4 6.7 0.01676 0.00320 29.0 -0.07 1 1508
-122.2 78.0 0.03793 -0.00335 26.3 -0.24 1 1508
239.0 389.9 0.00846 0.01195 10.9 -0.16 1 1508
-283.5 183.8 0.01304 0.00206 131.6 -0.06 1 1508
-415.3 205.9 0.01322 0.00308 142.5 -0.07 1 1508
-69.7 175.3 0.01506 -0.00370 64.4 -0.06 1 1508
-44.5 109.3 0.01737 0.00402 17.8 -0.23 -1 1508
-355.6 459.2 0.01292 -0.00541 42.6 -0.09 1 1508
81.0 301.8 0.02294 0.00231 19.7 -0.22 1 1508
-232.1 237.1 0.01307 0.00217 152.7 -0.06 1 1508
-46.4 90.2 0.01657 0.00155 10.4 -0.29 -1 1508
-94.9 204.3 0.01038 0.01006 35.3 -0.09 1 1508
-337.6 386.3 0.01735 0.00809 99.9 -0.12 1 1508
-363.9 209.1 0.01327 0.00160 145.8 -0.04 1 1508
-64.8 160.8 0.01497 0.00171 119.0 -0.03 1 1508
-402.4 453.4 0.02070 0.02702 2.5 -0.30 1 1508
-141.2 336.4 0.01411 0.01052 5.8 -0.68 1 1508
-112.7 11.1 0.01290 0.00186 79.6 -0.04 1 1508
183.3 171.6 0.02019 0.00794 39.9 -0.09 1 1508
-224.4 91.6 0.01004 0.00081 21.8 -0.14 1 1508
104.2 156.2 0.01898 0.00057 6.3 -0.73 1 1508
-200.5 187.9 0.01445 0.00176 164.3 -0.03 1 1508
-383.6 -105.3 0.02658 -0.01384 6.3 -0.51 1 1508
-329.8 75.6 0.01249 0.00072 93.2 -0.06 1 1508
-443.3 -21.9 0.00747 -0.00123 104.1 -0.07 1 1508
225.0 304.3 0.01735 0.00213 74.3 -0.03 1 1508
-348.6 263.0 0.01226 0.00244 163.5 -0.07 1 1508
-409.6 -56.8 0.01133 -0.00443 7.3 -0.55 -1 1508
-215.0 402.0 0.02343 -0.00189 13.4 -0.10 1 1508
-20.9 110.0 0.01745 -0.00288 11.2 -0.29 1 1508
346.9 371.5 0.02212 0.01137 54.2 -0.07 1 1508
-97.8 313.6 0.01523 0.00382 44.4 -0.06 1 1508
-412.0 27.5 0.01134 0.00087 112.9 -0.07 1 1508
21.7 -18.1 0.02109 -0.00084 35.1 -0.14 1 1508
-397.1 191.5 0.01515 0.00268 33.3 -0.15 1 1508
-252.9 68.8 0.01403 0.00063 150.8 -0.03 1 1508
-68.6 343.5 0.01468 0.00340 134.9 -0.05 1 1508
-322.0 121.6 0.03063 -0.04130 1.9 -1.48 -1 1508
267.4 203.3 0.07227 0.00502 8.4 -0.52 1 1508
-420.8 179.5 0.00172 -0.00954 16.8 -0.28 1 1508
-384.2 -38.1 0.01035 0.00161 124.2 -0.07 1 1508
-86.9 310.9 0.01742 -0.00064 3.9 -1.91 -1 1508
77.2 -112.4 0.00982 0.00331 72.3 -0.03 1 1508
31.9 173.0 0.01638 0.00124 171.2 -0.02 1 1508
-281.8 147.7 0.01453 0.00551 7.0 -0.58 1 1508
128.7 225.9 0.01952 0.00810 57.6 -0.09 1 1508
-401.6 189.2 0.01207 0.00187 156.6 -0.07 1 1508
-267.4 128.3 0.02129 -0.00011 86.7 -0.10 1 1508
-101.5 122.6 0.01433 0.00127 146.4 -0.04 1 1508
-342.2 140.7 0.01333 0.00185 25.9 -0.10 1 1508
177.6 267.3 0.01765 -0.00125 15.4 -0.15 1 1508
-50.3 297.1 0.01476 0.00272 141.3 -0.04 1 1508
-293.3 48.1 0.01662 -0.00605 45.6 -0.13 1 1508
-231.4 224.7 0.01604 0.00386 8.3 -0.41 -1 1508
104.3 263.0 0.01905 0.00178 11.5 -0.26 -1 1508
187.9 374.4 0.02029 0.00361 14.9 -0.20 -1 1508
-275.6 377.8 0.02139 -0.00458 7.6 -0.51 -1 1508
199.8 247.9 0.02036 0.00256 13.0 -0.21 -1 1508
-322.6 -108.8 0.01346 -0.00105 149.2 -0.04 1 1508
-281.4 47.4 0.01079 0.00023 46.8 -0.10 1 1508
74.4 390.1 0.01471 0.00316 106.5 -0.05 1 1508
10.2 113.8 0.02826 -0.00329 10.3 -0.33 1 1508
66.4 -63.0 0.02106 -0.00855 24.8 -0.18 -1 1508
127.8 316.2 0.01952 0.00210 14.0 -0.20 1 1508
11.2 25.8 0.01548 -0.00015 168.0 -0.02 1 1508
-270.3 134.6 0.01290 0.00115 125.2 -0.05 1 1508
-149.8 374.3 0.01290 0.00017 10.5 -0.36 1 1508
-161.8 289.4 0.02013 -0.00025 11.0 -0.35 -1 1508
164.4 368.1 0.01753 0.00404 109.6 -0.05 1 1508
-402.0 -48.3 0.00806 0.00037 8.2 -0.57 1 1508
-205.9 -92.5 0.04279 0.00365 6.9 -0.41 1 1508
-22.4 415.3 0.01817 -0.00085 79.1 -0.05 1 1508
-7.1 125.4 -0.06371 0.03521 2.1 -3.18 -1 1508
-259.4 171.9 0.01295 0.00132 114.7 -0.06 1 1508
157.3 317.9 0.02502 0.01206 7.9 -0.65 -1 1508
-57.6 23.7 0.01666 -0.00329 16.2 -0.20 1 1508
-271.5 82.6 0.01527 -0.00476 52.9 -0.10 1 1508
-271.1 332.5 0.01319 -0.00980 66.8 -0.08 1 1508
-413.5 6.9 0.01441 0.00054 113.0 -0.06 1 1508
-112.0 190.5 0.01242 0.00331 72.2 -0.07 1 1508
-415.3 340.4 0.01082 0.00310 48.0 -0.07 1 1508
61.6 218.4 0.01420 0.00277 31.5 -0.08 1 1508
-93.7 288.4 0.01442 0.00193 191.7 -0.03 1 1508
-102.8 338.6 0.03158 -0.01376 19.2 -0.20 1 1508
-140.8 130.9 0.01424 0.00172 170.5 -0.03 1 1508
102.4 228.8 0.02084 0.00242 9.9 -0.33 1 1508
18.7 106.6 0.01641 0.00120 143.5 -0.02 1 1508
-273.9 -34.3 0.01610 -0.00181 6.1 -0.79 1 1508
-214.3 16.6 0.01343 -0.00021 80.4 -0.05 1 1508
-218.3 90.9 0.01181 0.00287 22.9 -0.18 1 1508
-162.2 142.7 0.02636 -0.00622 17.3 -0.24 -1 1508
-244.7 338.4 0.01351 0.00317 93.7 -0.07 1 1508
-334.0 543.2 0.03141 0.00269 11.6 -0.12 1 1508
202.8 284.7 0.02763 -0.01569 9.0 -0.15 1 1508
-407.0 161.4 0.00413 0.00127 2.3 -3.21 -1 1508
-280.6 -90.8 0.02773 0.00003 30.5 -0.13 1 1508
-229.6 260.5 0.01383 0.00169 166.6 -0.04 1 1508
-45.7 80.7 0.01544 0.00130 26.5 -0.06 1 1508
-411.1 324.0 0.01440 0.00094 58.6 -0.10 1 1508
-200.5 211.2 0.00989 0.00064 5.4 -0.92 1 1508
59.7 180.1 0.01584 -0.00204 7.9 -0.46 -1 1508
-18.1 113.2 0.01510 0.00128 186.0 -0.02 1 1508
-194.7 382.5 0.01411 0.00538 91.6 -0.07 1 1508
124.5 1.0 0.02647 -0.00481 5.7 -0.83 1 1508
-265.5 132.3 0.01458 0.00175 6.7 -0.68 -1 1508
-18.6 178.2 0.02072 0.00261 5.0 -0.86 1 1508
-12.3 -88.0 0.01601 -0.00093 123.6 -0.02 1 1508
199.9 61.7 0.02170 -0.00222 40.3 -0.21 -1 1508
-31.5 18.6 0.00741 0.00039 6.4 -0.20 1 1508
-20.8 -19.4 0.01609 0.00002 166.4 -0.02 1 1508
-150.6 327.2 0.01039 0.00159 55.1 -0.08 1 1508
-26.4 137.7 0.01607 0.00103 158.5 -0.02 1 1508
45.9 377.7 0.01428 0.00233 51.7 -0.08 1 1508
88.9 219.8 0.01541 -0.00176 18.7 -0.13 1 1508
-171.2 -29.3 0.01470 -0.00019 153.7 -0.03 1 1508
-190.3 316.4 0.01658 0.00370 10.6 -0.31 1 1508
137.6 173.7 -0.02286 0.01141 4.2 -0.35 1 1508
-33.8 54.1 0.01005 0.00327 70.4 -0.03 1 1508
-39.7 -104.0 0.01497 0.00205 153.6 -0.02 1 1508
-207.1 334.2 0.01365 0.00332 163.3 -0.05 1 1508
-167.5 379.1 0.01719 0.00091 13.4 -0.20 1 1508
-112.1 259.0 0.01484 0.00723 53.9 -0.08 1 1508
68.3 154.8 0.01757 0.00192 4.1 -1.69 1 1508
-240.9 403.3 -0.07082 -0.01427 3.0 -0.36 1 1508
15.8 252.7 0.03713 -0.00422 20.0 -0.27 1 1508
-143.7 164.7 0.00923 -0.00249 10.2 -0.30 1 1508
81.8 39.0 0.01771 0.00269 124.2 -0.02 1 1508
-214.3 -0.3 0.03026 -0.02627 5.8 -0.52 -1 1508
-39.4 397.1 0.01350 0.00326 121.0 -0.03 1 1508
-63.5 209.0 0.01469 0.00171 112.6 -0.04 1 1508
-50.8 327.1 0.01321 0.00247 35.0 -0.11 1 1508
69.5 213.7 0.01638 0.00223 200.2 -0.01 -1 1508
-54.8 162.9 0.01575 0.00164 152.8 -0.02 1 1508
-95.0 409.2 0.01508 -0.00004 52.0 -0.07 1 1508
50.9 -41.1 0.02324 0.00383 13.5 -0.22 1 1508
-385.4 44.6 0.01189 0.00045 103.3 -0.07 1 1508
102.2 394.5 0.01610 0.00292 145.2 -0.04 1 1508
-216.8 109.0 0.00427 -0.00680 10.4 -0.37 -1 1508
-325.7 336.4 0.00976 0.00514 42.7 -0.16 -1 1508
-300.3 44.3 0.01225 -0.00331 6.2 -0.82 1 1508
252.5 275.3 0.03059 -0.00322 27.5 -0.17 1 1508
-207.6 35.3 0.01096 -0.00605 18.9 -0.15 -1 1508
-69.0 -102.5 0.01520 -0.00099 200.0 -0.01 -1 1508
-173.2 16.6 0.01580 0.00148 15.3 -0.17 1 1508
-102.9 48.2 0.01295 0.00436 95.2 -0.04 1 1508
74.5 168.6 0.01953 -0.00202 7.6 -0.54 1 1508
-76.8 -42.9 0.01389 0.00016 66.7 -0.04 1 1508
-338.3 164.1 -0.03866 0.03499 1.4 -1.74 1 1508
14.3 10.2 0.01884 -0.00377 12.6 -0.27 1 1508
196.4 165.8 0.01731 0.00292 126.6 -0.03 1 1508
-383.3 -67.0 0.01635 -0.00196 10.3 -0.29 1 1508
-297.1 49.9 0.01362 0.00076 129.0 -0.05 1 1508
96.1 263.0 0.01703 0.00249 142.8 -0.02 1 1508
-30.0 422.3 0.01578 0.00828 108.3 -0.05 1 1508
-22.0 261.6 0.01570 0.00235 160.4 -0.02 1 1508
-7.8 235.2 0.01168 -0.04012 2.9 -0.63 -1 1508
-325.9 48.3 0.01273 0.00064 178.8 -0.05 1 1508
-64.4 166.7 0.00954 0.00448 9.9 -0.30 1 1508
-223.7 198.9 0.01363 -0.00170 12.3 -0.28 1 1508
82.0 151.1 0.01632 -0.00398 36.9 -0.07 1 1508
65.0 120.2 0.01639 0.00120 165.1 0.00 -1 1508
-93.3 121.4 0.01284 0.00234 107.9 -0.03 1 1508
-413.5 424.4 0.01791 0.00512 47.5 -0.11 1 1508
4.3 54.1 0.01118 0.00312 16.3 -0.16 -1 1508
-215.1 273.0 0.01504 0.00299 16.6 -0.15 1 1508
87.6 289.0 0.01465 0.00461 65.1 -0.06 1 1508
-105.6 199.1 0.00642 -0.00923 32.3 -0.12 1 1508
-205.9 173.7 0.02431 0.00229 4.9 -0.95 1 1508
-193.4 345.4 0.01404 0.00317 132.4 -0.05 1 1508
-122.7 241.5 0.01748 0.00044 5.2 -0.85 1 1508
-27.2 254.4 0.01012 0.00402 77.8 -0.04 1 1508
-550.7 307.8 0.00799 0.02545 11.7 -0.13 1 1508
-148.6 -3.1 0.01260 0.00047 61.1 -0.06 1 1508
-291.6 -61.5 0.00645 -0.00969 25.6 -0.20 1 1508
-66.4 138.9 0.01507 -0.00214 7.1 -0.64 1 1508
107.8 89.4 0.01675 0.00167 91.4 -0.02 1 1508
-318.4 -12.1 0.01280 -0.00049 149.1 -0.05 1 1508
286.0 148.0 0.06607 -0.01492 3.4 -0.29 -1 1508
175.9 301.2 0.01637 0.00595 120.8 -0.04 1 1508
-99.7 232.8 0.01294 -0.00439 52.9 -0.09 1 1508
180.2 -84.7 0.01977 0.00037 23.1 -0.11 -1 1508
-142.1 38.5 0.01491 0.00056 122.0 -0.02 1 1508
-196.4 258.5 0.00788 -0.00092 8.7 -0.46 1 1508
-342.7 53.1 0.00306 0.00028 5.1 -0.56 -1 1508
-73.3 337.7 0.01452 0.00334 8.4 -0.44 1 1508
-259.9 192.3 0.03145 -0.01439 3.5 -1.15 -1 1508
-258.6 406.0 0.01685 0.00231 108.5 -0.07 1 1508
134.7 -107.8 0.01709 -0.00135 147.3 -0.02 1 1508
-300.3 279.2 0.01347 0.00207 137.7 -0.05 1 1508
66.4 298.1 0.01624 0.00285 78.5 -0.04 1 1508
-162.6 336.4 0.01410 0.00240 159.9 -0.04 1 1508
-176.2 343.2 0.01184 0.00293 41.7 -0.10 1 1508
-203.7 58.2 0.00497 -0.01549 12.5 -0.30 -1 1508
14.0 297.2 0.01840 0.00113 5.6 -0.93 1 1508
47.5 168.6 0.01578 0.00183 156.9 -0.03 1 1508
78.9 -55.5 0.01731 0.00030 74.5 -0.04 1 1508
25.7 34.7 0.03005 0.02568 4.9 -0.49 -1 1508
26.4 267.9 0.01621 -0.00171 9.0 -0.40 1 1508
-90.1 147.5 0.01435 0.00110 171.0 -0.03 1 1508
-401.6 277.1 0.01052 -0.00074 4.7 -1.36 -1 1508
-414.6 61.8 0.00902 -0.00454 29.6 -0.27 1 1508
-125.4 50.4 0.01335 -0.00340 5.7 -0.82 -1 1508
-298.4 331.0 0.01266 0.00309 146.3 -0.07 1 1508
55.7 55.2 0.01530 0.00118 5.6 -0.91 1 1508
128.9 57.3 0.01698 0.00009 150.1 -0.02 1 1508
-387.7 489.1 0.01058 0.01034 72.9 -0.10 1 1508
-136.4 181.6 0.01376 0.00476 71.7 -0.06 1 1508
-81.5 198.8 0.01528 0.00229 149.5 -0.03 1 1508
-192.6 254.6 0.01842 -0.00222 36.7 -0.11 1 1508
-418.4 -92.5 0.00685 -0.00497 13.7 -0.23 1 1508
166.8 150.8 0.01933 -0.00030 8.6 -0.44 1 1508
113.4 7.0 0.01783 0.00112 133.9 -0.03 1 1508
215.7 121.6 0.01936 0.00012 89.1 -0.03 1 1508
28.1 67.0 0.02008 0.00314 5.9 -0.80 -1 1508
-382.1 362.3 0.03462 0.02459 4.3 -1.28 -1 1508
-390.2 233.3 0.03983 -0.01942 7.0 -0.28 1 1508
-69.9 -64.0 0.01410 -0.00125 166.6 -0.02 1 1508
193.4 237.8 0.01954 0.00201 8.9 -0.48 1 1508
-386.9 240.6 0.01461 0.00309 24.3 -0.11 -1 1508
-253.1 342.2 0.00935 -0.00948 40.4 -0.09 1 1508
220.1 276.3 0.00335 -0.03809 1.2 -0.69 1 1508
-114.7 387.1 0.01015 0.00478 8.1 -0.51 1 1508
-206.0 77.4 0.01659 0.00162 10.6 -0.27 1 1508
-123.8 147.2 0.01297 0.00252 14.2 -0.19 1 1508
68.6 181.4 0.01892 0.00195 7.4 -0.54 1 1508
-398.7 84.8 0.02540 0.00197 4.1 -1.02 -1 1508
-331.5 -123.7 0.01902 -0.00137 110.2 -0.05 1 1508
-389.0 274.1 0.01345 0.00391 46.6 -0.08 1 1508
-245.8 259.7 0.01621 -0.00201 12.1 -0.23 1 1508
-228.3 106.3 0.02832 -0.00141 12.5 -0.18 1 1508
-400.9 170.0 0.01228 0.00092 159.2 -0.06 1 1508
-399.4 -23.2 0.00850 -0.00029 35.2 -0.17 1 1508
146.8 396.2 0.01891 0.00514 89.9 -0.05 1 1508
107.6 49.2 0.01612 0.00058 130.2 -0.02 1 1508
17.9 341.5 0.01542 0.00223 91.0 -0.03 1 1508
-54.4 -49.4 0.01630 0.00158 96.1 -0.03 1 1508
175.0 243.2 0.01481 0.00449 33.5 -0.06 1 1508
104.9 -52.9 0.03276 0.00584 9.9 -0.30 1 1508
-319.9 270.7 0.01339 0.00285 17.3 -0.15 -1 1508
166.8 168.0 0.02248 0.00066 51.3 -0.16 -1 1508
-252.9 27.6 0.01499 -0.00384 6.1 -0.75 1 1508
-299.4 361.1 0.01525 0.00406 9.8 -0.37 -1 1508
55.4 324.8 0.01429 0.00475 75.5 -0.09 -1 1508
210.1 285.6 0.01919 0.00167 82.6 -0.03 1 1508
-180.8 -26.4 0.01682 -0.00315 4.0 -1.74 -1 1508
-101.8 156.1 0.01025 0.00424 61.8 -0.07 -1 1508
-112.5 -19.7 0.01505 0.00066 18.8 -0.11 -1 1508
199.6 -4.4 0.01811 -0.00018 74.9 -0.02 1 1508
-238.5 167.1 0.00524 -0.00130 17.6 -0.19 -1 1508
144.9 144.6 0.01601 0.00335 74.8 -0.04 1 1508
-418.5 216.0 0.01082 0.00252 137.4 -0.05 1 1508
-213.8 0.0 0.01884 0.01667 0.8 -3.62 -1 1508
39.5 52.2 0.01574 -0.00004 137.0 -0.03 1 1508
-56.3 46.7 0.01616 0.00289 117.0 -0.03 1 1508
-403.9 66.5 0.01143 0.00539 7.2 -0.52 -1 1508
-95.9 49.8 0.01523 0.00031 127.6 -0.02 1 1508
-190.2 63.1 0.01423 0.00096 162.7 -0.03 1 1508
-129.4 124.4 0.01445 0.00164 133.4 -0.03 1 1508
-355.0 294.0 0.01306 0.00183 179.5 -0.05 1 1508
-336.4 -9.9 0.00527 -0.00736 12.3 -0.29 1 1508
-177.5 115.9 0.01191 0.00013 50.8 -0.08 1 1508
-152.7 294.2 0.01810 -0.00344 5.2 -0.95 -1 1508
-166.9 199.9 0.01830 0.00613 13.6 -0.23 1 1508
-197.6 392.6 0.01292 0.00396 122.0 -0.07 1 1508
-161.5 310.7 0.01217 0.00168 59.7 -0.09 1 1508
-35.8 -24.4 0.01295 -0.00144 115.2 -0.02 1 1508
5.3 356.4 0.01679 -0.00031 26.4 -0.11 1 1508
-284.6 56.2 0.00083 0.00452 17.7 -0.14 1 1508
-321.8 208.3 0.00630 -0.00276 25.4 -0.15 1 1508
137.4 322.9 0.02040 -0.00013 23.0 -0.14 1 1508
-38.1 362.2 0.00889 0.00591 27.7 -0.16 1 1508
28.3 117.3 0.01147 0.00339 89.9 -0.03 1 1508
148.7 -112.7 0.01605 -0.00220 67.6 -0.03 1 1508
298.0 125.7 0.03269 0.00226 12.0 -0.12 1 1508
-426.2 356.4 -0.01340 -0.00780 11.6 -0.20 1 1508
432.8 -28.3 0.02854 -0.00584 43.3 -0.08 1 1508
-217.5 169.9 0.01402 0.00355 78.7 -0.06 1 1508
-276.1 262.8 0.01436 0.00282 13.8 -0.20 1 1508
76.9 94.2 0.01639 0.00103 124.5 -0.03 1 1508
69.3 59.9 0.01676 0.00080 149.9 -0.02 1 1508
-362.4 -77.0 0.01461 0.00336 69.2 -0.07 1 1508
119.0 -43.8 0.01423 -0.00114 82.0 -0.01 1 1508
-57.9 229.4 0.01558 0.00158 139.0 -0.03 1 1508
-212.4 -109.1 0.01493 0.00046 165.5 -0.03 1 1508
-411.1 331.4 0.01193 0.00323 155.6 -0.08 1 1508
163.4 327.4 0.01867 0.00395 18.6 -0.13 1 1508
64.4 253.3 0.01671 0.00276 9.9 -0.32 -1 1508
-116.8 118.8 0.01518 0.00098 179.3 -0.02 1 1508
-413.9 337.9 0.01315 0.00345 16.6 -0.17 -1 1508
-294.9 87.9 0.02233 0.00935 12.1 -0.29 1 1508
88.9 173.5 0.01714 0.00312 5.3 -0.72 -1 1508
194.0 123.1 0.02967 0.00991 12.3 -0.35 -1 1508
-218.6 21.3 0.01274 -0.00440 42.6 -0.13 -1 1508
-387.4 273.1 0.01815 -0.00185 10.6 -0.18 1 1508
37.0 287.1 0.01648 0.00273 174.6 -0.03 1 1508
211.7 174.9 0.05172 -0.00882 1.1 -1.04 1 1508
321.7 316.5 0.03148 -0.00021 19.6 -0.21 1 1508
-96.6 166.4 0.01430 0.00158 146.9 -0.03 1 1508
-150.0 -6.0 0.01240 0.00130 19.9 -0.11 1 1508
62.4 -56.5 0.01459 0.00122 76.4 -0.02 1 1508
-48.1 301.3 0.01511 0.00314 155.9 -0.04 1 1508
108.8 298.8 0.01920 0.00107 7.2 -0.65 1 1508
-41.5 46.6 0.02059 0.00172 25.1 -0.17 1 1508
-204.2 281.1 0.01358 0.00272 90.2 -0.06 1 1508
-233.5 34.9 0.01643 -0.00080 17.8 -0.13 -1 1508
-263.8 440.2 0.00754 0.00386 52.0 -0.09 1 1508
-282.5 190.7 0.01000 -0.00174 5.8 -0.73 -1 1508
-31.1 -3.4 0.02104 0.00008 26.7 -0.21 1 1508
80.8 -36.6 0.01480 -0.00167 59.6 -0.04 -1 1508
-142.2 316.3 -0.01037 -0.00814 7.2 -0.23 1 1508
-359.8 267.9 0.01223 0.00256 161.0 -0.07 1 1508
-153.7 229.5 0.01624 0.00271 11.0 -0.30 1 1508
-78.2 -65.5 0.01142 0.00067 21.3 -0.10 1 1508
-353.1 290.6 0.01291 0.00313 6.1 -0.74 1 1508
213.2 177.0 0.01902 0.00132 110.7 -0.03 1 1508
-54.9 -26.1 0.01180 0.00022 65.4 -0.05 1 1508
-257.8 226.4 0.06807 -0.09686 1.2 -1.28 1 1508
-148.3 239.1 0.01467 0.00464 41.7 -0.08 1 1508
-205.4 364.4 0.00933 0.00837 3.3 -2.50 1 1508
-59.4 335.3 0.01616 0.00345 8.8 -0.41 1 1508
201.7 64.5 0.01625 0.00012 34.0 -0.03 1 1508
-102.8 26.8 0.01827 -0.00527 36.8 -0.13 1 1508
-112.2 -80.2 0.01460 0.00231 92.7 -0.03 1 1508
-181.7 362.3 0.01272 0.00093 27.5 -0.13 1 1508
-145.1 43.2 0.01712 0.00016 4.9 -1.06 1 1508
-99.1 314.0 0.00645 -0.00349 54.5 -0.09 1 1508
-199.0 91.0 0.01356 0.00125 137.3 -0.04 1 1508
-101.5 123.0 0.01796 0.00087 14.2 -0.21 1 1508
-365.7 224.7 0.01218 0.00158 192.6 -0.06 1 1508
-39.3 -80.4 0.01700 -0.00445 13.9 -0.24 -1 1508
162.0 173.0 0.01786 0.00196 109.8 -0.03 1 1508
62.2 346.5 0.01964 -0.00466 8.9 -0.36 1 1508
-294.7 118.1 0.01312 0.00107 87.6 -0.06 1 1508
-340.9 351.5 0.01271 0.00344 129.9 -0.07 1 1508
-196.0 -32.1 0.01244 -0.00398 8.0 -0.48 -1 1508
-379.2 13.1 0.01495 0.00156 11.3 -0.30 -1 1508
-68.7 215.2 0.01459 0.00209 167.2 -0.03 1 1508
35.7 128.4 0.01845 -0.00300 8.9 -0.39 -1 1508
-279.8 43.7 0.01385 0.00036 185.9 -0.04 1 1508
-298.1 276.3 0.01559 -0.00098 5.0 -1.15 1 1508
-195.2 228.6 0.01242 -0.00046 26.3 -0.13 1 1508
-103.7 75.3 0.01491 0.00105 136.1 -0.03 1 1508
-260.1 268.1 0.01212 -0.00150 28.4 -0.16 1 1508
-198.7 -73.4 0.01373 -0.00072 109.0 -0.04 1 1508
108.8 424.4 0.01961 0.00187 9.8 -0.10 -1 1508
-288.4 185.7 0.02026 -0.01049 33.3 -0.18 1 1508
-111.8 53.1 0.01529 0.00021 183.5 -0.02 1 1508
-350.1 -9.2 0.01152 -0.00021 137.3 -0.06 1 1508
148.3 -105.1 0.01387 -0.00288 74.2 -0.01 1 1508
-70.7 59.2 0.01479 0.00003 187.5 -0.03 1 1508
-95.2 194.3 0.01811 0.00062 2.2 -4.63 -1 1508
-93.3 165.7 0.01184 -0.00325 6.5 -0.58 1 1508
486.9 451.7 0.03898 -0.00483 6.4 -0.16 1 1508
174.9 -23.3 0.02051 -0.00132 7.9 -0.54 1 1508
-405.0 162.8 0.01295 0.00121 125.9 -0.04 1 1508
-399.1 236.1 0.01241 0.00280 21.5 -0.13 1 1508
-207.5 14.4 0.01345 0.00013 105.2 -0.04 1 1508
-202.4 118.2 0.01107 0.00593 62.4 -0.07 1 1508
-72.7 5.8 0.01717 0.00141 24.3 -0.12 1 1508
-289.8 -28.8 0.01313 0.00353 73.9 -0.06 1 1508
-229.6 309.5 0.01088 0.00390 24.8 -0.16 -1 1508
-9.8 -102.2 0.01609 -0.00110 96.8 -0.03 1 1508
15.6 303.4 0.01537 0.00293 148.1 -0.04 1 1508
88.3 391.3 0.01631 0.00491 144.8 -0.05 1 1508
-78.5 340.5 0.01827 -0.00318 21.8 -0.13 1 1508
-162.6 318.5 0.01994 -0.08837 2.1 -0.46 1 1508
181.7 294.6 0.02194 -0.00606 12.4 -0.42 1 1508
-140.4 104.7 0.01403 0.00099 118.2 -0.03 1 1508
-354.7 72.1 0.01315 -0.00625 22.2 -0.14 1 1508
75.3 324.2 0.03206 0.00780 7.0 -0.52 1 1508
-220.4 8.5 0.00929 0.00361 50.1 -0.04 -1 1508
-33.3 -206.4 0.01902 -0.00597 10.7 -0.06 1 1508
-29.8 222.6 0.01584 -0.00455 13.2 -0.19 1 1508
-310.0 267.3 0.01311 0.00289 120.9 -0.07 1 1508
-239.7 139.2 0.01054 -0.00635 43.6 -0.16 1 1508
-220.4 105.0 0.01944 0.00210 7.8 -0.48 1 1508
-420.2 -12.6 0.01275 -0.00149 102.0 -0.07 1 1508
207.3 234.8 0.00547 0.00185 9.9 -0.26 1 1508
-71.8 -14.4 0.01569 -0.00002 162.4 -0.02 1 1508
-306.1 -58.2 0.01257 -0.00717 38.7 -0.14 1 1508
-468.0 445.8 0.00769 0.00084 63.5 -0.11 1 1508
-365.7 231.8 0.00239 0.00538 2.4 -3.12 -1 1508
-229.4 413.6 0.01327 0.00532 85.0 -0.08 1 1508
132.5 -108.4 0.01705 -0.00150 156.6 -0.02 1 1508
-397.9 280.1 0.01090 0.00073 17.4 -0.20 -1 1508
-292.0 379.9 0.01202 0.00381 13.4 -0.27 -1 1508
123.2 129.5 0.01944 0.00068 16.4 -0.16 1 1508
251.1 300.4 0.01868 0.01912 5.8 -0.09 1 1508
-324.9 -46.8 0.01337 0.00016 14.0 -0.18 1 1508
166.1 194.0 0.01740 0.00176 136.8 -0.02 1 1508
-298.9 234.6 0.01119 -0.00144 21.2 -0.18 -1 1508
-168.4 320.5 0.01681 -0.00019 15.8 -0.22 -1 1508
-100.0 80.7 0.02307 -0.00760 9.7 -0.31 -1 1508
-28.1 17.2 0.01577 -0.00036 152.7 -0.02 1 1508
-326.1 48.5 0.01846 -0.00460 30.0 -0.12 1 1508
-417.6 84.5 0.01463 0.00111 130.0 -0.07 1 1508
-37.4 63.6 0.01552 0.00066 173.9 -0.01 1 1508
-281.2 3.1 0.01269 -0.00018 133.7 -0.06 1 1508
-93.7 179.2 0.01548 0.00142 169.7 -0.02 1 1508
124.9 6.9 0.01756 -0.01096 17.3 -0.23 -1 1508
-263.4 125.3 0.00922 0.00034 5.0 -1.15 -1 1508
-53.5 119.4 0.01403 -0.00385 4.7 -1.28 1 1508
179.1 -127.7 0.01192 -0.00188 85.7 -0.02 1 1508
430.6 42.9 0.03281 0.00370 21.4 -0.06 1 1508
-9.0 373.8 0.01532 0.00398 41.4 -0.07 -1 1508
-238.8 140.8 0.01319 -0.00219 10.1 -0.38 -1 1508
-279.2 -31.9 0.01288 -0.00065 143.1 -0.05 1 1508
-33.7 16.5 0.01542 0.00056 138.9 -0.02 1 1508
92.8 226.8 0.01844 -0.00362 12.3 -0.28 -1 1508
-464.8 58.9 -0.12614 0.03326 0.3 -3.27 1 1508
140.6 181.9 0.04663 0.00566 13.9 -0.49 1 1508
-82.3 27.9 0.00512 -0.00943 15.3 -0.16 1 1508
-70.0 -22.2 0.01555 -0.00047 161.4 -0.02 1 1508
-246.5 -97.0 0.01354 -0.00092 162.9 -0.03 1 1508
-22.1 138.1 0.02336 0.00858 43.9 -0.15 1 1508
-255.7 -22.3 0.01174 -0.00384 5.0 -1.20 1 1508
-53.7 -62.9 0.01798 -0.00128 22.5 -0.10 1 1508
-238.7 44.0 0.01611 0.00136 15.4 -0.15 1 1508
35.3 430.1 0.01349 0.00375 53.0 -0.05 1 1508
-211.8 323.1 0.01646 -0.00019 9.2 -0.40 -1 1508
-409.7 193.0 0.01889 0.00740 55.7 -0.10 1 1508
98.8 292.3 0.01835 -0.00089 0.5 -68.74 1 1508
-192.2 -29.2 0.00881 -0.00030 8.3 -0.44 -1 1508
72.7 -19.0 0.01877 0.00046 11.7 -0.26 -1 1508
-71.1 31.0 0.00845 -0.00080 83.7 -0.04 1 1508
-372.4 136.9 0.02090 -0.00786 12.1 -0.29 1 1508
-245.5 313.2 0.01193 0.00034 45.4 -0.11 -1 1508
-290.1 159.2 0.01272 0.00323 87.0 -0.07 1 1508
185.5 53.7 0.01756 0.00133 120.0 -0.02 1 1508
-153.6 568.5 0.04247 0.03364 1.7 -0.23 1 1508
-185.3 172.0 0.01403 0.00165 68.6 -0.07 1 1508
55.1 272.3 0.05375 -0.02671 10.8 -0.34 1 1508
172.7 66.3 0.01870 -0.00305 13.9 -0.22 -1 1508
-31.5 357.3 0.03904 -0.01052 10.7 -0.37 1 1508
159.4 136.7 0.01765 0.00114 139.4 -0.02 1 1508
-28.1 125.1 0.02491 -0.00115 33.5 -0.19 1 1508
-231.7 299.5 0.01301 0.00526 64.9 -0.10 1 1508
-406.4 70.5 0.01142 0.00287 50.8 -0.10 1 1508
-80.5 89.8 0.04203 0.02594 4.6 -0.56 -1 1508
-178.7 38.6 0.01372 0.00045 115.7 -0.03 1 1508
-91.4 66.6 0.01598 0.00558 6.3 -0.57 -1 1508
146.9 370.5 0.01881 0.00451 18.2 -0.15 1 1508
167.9 -53.2 0.02663 0.00343 6.3 -0.78 1 1508
-40.4 -45.4 0.01951 0.01007 5.8 -0.69 -1 1508
-273.8 -134.1 0.01506 -0.00265 48.4 -0.05 1 1508
-222.8 327.8 0.01728 0.02598 2.5 -2.14 -1 1508
137.7 384.0 0.01958 0.00315 9.8 -0.33 -1 1508
-405.6 321.0 0.00924 0.00064 43.9 -0.17 1 1508
-311.2 207.4 0.01351 0.01055 13.6 -0.26 1 1508
176.9 80.2 0.01779 0.00042 152.0 -0.02 1 1508
10.4 372.7 0.01106 0.00278 98.1 -0.04 1 1508
-80.0 257.6 0.01742 -0.00347 11.2 -0.31 1 1508
-51.9 36.9 0.00962 0.00907 37.3 -0.08 1 1508
222.5 -37.3 0.01264 -0.00128 11.9 -0.24 1 1508
174.2 100.1 0.01449 0.00232 42.5 -0.02 1 1508
101.1 326.4 0.01996 -0.00047 11.1 -0.31 1 1508
59.7 162.1 0.02974 0.00551 15.8 -0.27 1 1508
-12.3 -79.8 0.01455 -0.00502 106.0 -0.03 1 1508
-17.5 442.2 0.01579 0.00765 105.9 -0.05 1 1508
173.8 249.5 0.01821 0.00280 9.5 -0.36 -1 1508
0.4 46.0 0.01405 0.00018 71.7 -0.04 1 1508
68.6 127.5 0.01684 0.00120 146.9 -0.02 1 1508
69.1 -138.2 0.02007 0.00150 17.7 -0.10 -1 1508
139.2 -25.3 0.01058 0.00900 11.1 -0.18 1 1508
385.6 19.3 0.01507 -0.00641 47.0 -0.05 1 1508
-138.2 291.6 0.01367 0.00309 15.5 -0.17 1 1508
-394.6 34.1 0.02033 0.00001 94.6 -0.08 1 1508
-104.7 92.1 0.01796 0.00540 4.6 -1.22 1 1508
-337.1 283.6 0.01520 -0.00497 10.0 -0.35 1 1508
-295.7 -86.6 0.02003 -0.00620 72.0 -0.11 1 1508
-189.5 132.1 0.01818 -0.00301 14.7 -0.22 -1 1508
-348.9 110.4 0.01129 0.00002 3.3 -2.56 -1 1508
139.8 -116.1 0.01075 -0.00523 11.7 -0.23 1 1508
-60.2 270.3 0.01430 0.01447 28.0 -0.14 1 1508
116.7 271.0 0.01674 0.00298 149.7 -0.03 1 1508
-223.3 367.2 0.01883 0.00027 25.0 -0.17 1 1508
7.7 -104.0 0.01427 -0.00796 52.4 -0.12 -1 1508
-46.0 300.6 0.00294 -0.01294 14.2 -0.10 1 1508
-107.3 -87.3 0.01744 -0.00066 6.9 -0.60 1 1508
344.0 193.2 0.01899 0.01420 7.1 -0.15 1 1508
-138.0 74.9 0.01936 0.00360 13.7 -0.21 1 1508
-340.3 81.6 0.01634 -0.00851 0.7 -14.89 1 1508
101.7 384.9 0.01921 0.00103 9.4 -0.39 1 1508
118.4 -26.4 0.01996 -0.02093 18.6 -0.26 1 1508
185.7 313.4 0.02402 0.00350 25.1 -0.21 1 1508
-227.7 272.1 0.01397 0.00282 165.8 -0.05 1 1508
-86.0 204.1 0.02269 0.02762 3.5 -0.71 -1 1508
-40.4 167.9 0.01488 0.00198 130.9 -0.03 1 1508
-254.0 290.9 0.00747 0.02325 3.7 -0.74 1 1508
24.5 347.7 -0.05825 0.00491 0.5 -5.07 1 1508
-449.9 50.5 0.00805 0.00120 74.3 -0.07 1 1508
-378.7 101.0 0.01217 0.00119 174.8 -0.06 1 1508
-117.6 84.9 0.01749 -0.00127 7.8 -0.51 1 1508
-100.5 311.3 0.01315 0.00100 22.3 -0.11 1 1508
-87.6 70.3 0.01442 0.00031 175.7 -0.03 1 1508
50.8 207.0 0.01786 -0.00187 12.8 -0.22 -1 1508
-308.9 -49.0 0.01018 -0.00024 15.1 -0.21 1 1508
-112.9 -74.7 0.01448 -0.00063 77.3 -0.04 1 1508
-234.0 228.3 0.01303 0.02279 4.0 -1.51 1 1508
151.3 44.8 0.01549 0.00156 125.4 -0.01 1 1508
124.2 -196.4 0.02189 -0.01379 42.7 -0.04 1 1508
244.1 5.9 0.01731 -0.00539 83.4 -0.01 -1 1508
-98.3 250.4 0.01606 0.00324 44.8 -0.06 -1 1508
-328.5 225.7 0.02445 -0.00508 15.8 -0.21 -1 1508
213.0 83.3 0.01943 0.00446 103.4 -0.03 1 1508
-22.3 22.1 0.01599 0.00040 177.9 -0.02 1 1508
-57.1 31.3 0.01568 0.00067 138.5 -0.02 1 1508
-158.8 277.9 0.01887 0.00690 11.1 -0.31 -1 1508
194.9 -290.3 0.00478 -0.03592 2.5 -0.13 -1 1508
80.5 322.1 0.01908 0.00081 10.9 -0.31 -1 1508
-80.2 32.3 0.01100 -0.00073 43.9 -0.06 1 1508
-185.2 271.0 0.01143 0.00545 71.4 -0.06 1 1508
130.5 -7.4 0.01437 -0.00360 93.9 -0.02 1 1508
-349.1 294.0 0.00905 0.00269 45.4 -0.14 1 1508
-270.0 221.8 0.01707 0.00061 22.3 -0.13 1 1508
-76.5 105.2 0.02184 0.00207 38.2 -0.16 1 1508
-126.3 140.0 0.00516 0.00033 25.3 -0.10 1 1508
34.4 -109.1 0.01677 -0.00307 122.3 -0.02 1 1508
-256.3 16.2 0.01337 0.00014 213.8 -0.03 -1 1508
-209.1 375.8 0.01554 -0.00362 68.3 -0.07 1 1508
-186.6 176.3 0.02012 -0.01578 10.8 -0.23 -1 1508
83.1 346.2 0.01910 0.00276 15.8 -0.17 1 1508
-305.3 90.1 0.00930 0.00147 28.0 -0.13 1 1508
247.8 604.4 0.00670 -0.00653 6.0 -0.17 1 1508
-311.3 -8.2 0.00935 -0.00003 40.8 -0.15 1 1508
-324.1 265.7 0.01522 0.00469 88.4 -0.09 1 1508
68.1 366.0 0.01673 0.00340 139.6 -0.04 1 1508
63.5 214.2 0.01640 0.00134 149.7 -0.02 1 1508
-252.1 318.0 0.01612 0.00127 7.8 -0.50 -1 1508
-318.6 10.3 0.01482 0.00101 23.9 -0.09 -1 1508
-337.3 382.9 0.01226 0.00362 119.3 -0.09 1 1508
-330.4 373.1 0.01265 0.00780 106.4 -0.13 1 1508
-447.7 279.7 0.00936 0.00220 65.3 -0.09 1 1508
-307.2 474.3 -0.00628 0.00105 6.8 -0.16 1 1508
-320.8 58.4 0.02376 -0.00506 47.8 -0.11 1 1508
-338.2 147.0 0.01370 0.00371 5.4 -0.97 -1 1508
-31.4 119.2 0.01600 0.00112 134.2 -0.03 1 1508
-117.6 46.3 0.01485 0.00090 154.5 -0.02 1 1508
-544.5 121.4 -0.01532 0.00837 12.3 -0.16 1 1508
-207.4 232.0 0.01604 -0.00146 13.9 -0.23 -1 1508
-290.5 -55.4 0.01258 -0.00517 19.7 -0.17 1 1508
-134.9 -13.9 0.01637 0.00086 17.2 -0.13 1 1508
193.5 308.7 0.01934 0.00212 12.9 -0.28 -1 1508
55.6 86.4 0.01189 -0.00173 51.8 -0.03 1 1508
147.9 302.3 0.01679 0.00304 163.6 -0.03 1 1508
-279.1 43.1 0.01269 0.00058 124.4 -0.06 1 1508
-145.1 195.0 0.01726 -0.00051 25.0 -0.11 1 1508
233.9 132.1 -0.05005 0.03682 1.4 -0.95 1 1508
-187.7 -14.5 0.01401 0.00206 121.6 -0.04 1 1508
199.5 204.5 0.01811 0.00248 204.0 -0.01 -1 1508
-208.6 57.8 0.01540 0.00150 14.8 -0.18 1 1508
-261.5 105.2 0.01816 0.00425 17.6 -0.15 -1 1508
-84.7 -30.8 0.02304 -0.00029 35.7 -0.15 1 1508
56.1 40.1 0.01897 -0.00270 7.7 -0.53 1 1508
-165.2 53.7 0.00744 -0.00325 25.8 -0.09 1 1508
187.5 53.9 0.02629 -0.00040 31.8 -0.24 1 1508
-53.2 269.0 0.01492 0.00287 171.6 -0.04 1 1508
67.2 -53.8 0.02414 -0.00130 51.2 -0.18 -1 1508
-208.1 -21.8 0.01090 -0.00196 38.5 -0.16 1 1508
-295.4 11.1 0.01273 0.00000 105.5 -0.06 1 1508
78.8 101.0 0.01691 0.00108 165.6 -0.02 1 1508
-179.6 -99.9 0.01286 0.00209 147.5 -0.04 1 1508
-346.3 -93.7 0.01421 -0.00495 7.5 -0.54 1 1508
-447.4 303.8 -0.01253 -0.02103 5.2 -0.38 1 1508
-36.4 359.0 0.01448 0.00426 43.3 -0.08 -1 1508
67.8 -102.3 0.01401 0.00152 108.8 -0.03 -1 1508
-400.3 48.8 0.01182 0.00051 135.4 -0.07 1 1508
-91.5 -75.8 0.01551 -0.00076 173.7 -0.02 1 1508
-112.1 250.7 0.01432 0.00245 154.3 -0.04 1 1508
-396.9 252.8 0.01374 0.00467 51.8 -0.11 1 1508
-341.5 -104.2 -0.01359 0.01588 4.1 -0.59 1 1508
33.0 -21.6 0.01650 0.00015 169.5 -0.02 1 1508
-393.4 -107.4 0.01091 -0.00208 31.9 -0.14 -1 1508
-199.8 18.7 0.01655 -0.00313 6.5 -0.76 -1 1508
-265.0 -59.8 0.00721 0.00691 70.2 -0.05 1 1508
112.2 373.9 0.01683 0.00367 130.2 -0.04 1 1508
-387.9 234.2 0.01302 0.00158 80.9 -0.05 1 1508
-211.1 -139.7 0.01162 0.00147 57.7 -0.05 1 1508
100.4 45.6 0.03367 0.00460 11.0 -0.35 1 1508
46.8 286.5 0.01917 0.00142 12.5 -0.20 1 1508
-229.2 294.5 0.01356 0.00285 132.2 -0.06 1 1508
-584.4 -52.1 0.01708 0.01763 18.7 -0.15 1 1508
95.5 99.4 0.01885 0.00050 10.2 -0.33 -1 1508
-434.9 35.5 0.00850 -0.00762 95.4 -0.08 1 1508
-114.0 146.3 0.01023 0.00148 6.2 -0.78 1 1508
-162.4 206.3 0.01387 -0.00249 2.1 -4.04 1 1508
-244.1 -40.2 0.01336 -0.00047 140.0 -0.04 1 1508
-10.6 385.7 0.02466 0.00587 13.3 -0.27 1 1508
-316.6 375.9 0.01223 -0.00668 4.0 -1.46 -1 1508
308.6 280.9 0.02025 -0.00248 28.4 -0.05 1 1508
178.9 405.4 0.01900 0.00212 99.6 -0.04 1 1508
-81.3 232.1 0.01444 0.00169 201.4 -0.03 1 1508
-324.0 174.7 -0.07205 0.06785 1.7 -1.76 1 1508
-59.5 -19.9 0.01499 -0.00016 124.7 -0.02 1 1508
-296.4 136.7 0.01378 0.00114 204.1 -0.03 1 1508
-102.4 -100.3 0.00648 0.00962 5.2 -0.92 -1 1508
57.0 198.2 0.01408 0.00125 41.6 -0.09 1 1508
-350.0 155.1 0.01242 0.00141 172.4 -0.04 -1 1508
172.3 128.9 0.01727 0.00117 211.4 0.00 -1 1508
148.2 244.8 0.01749 0.00296 112.6 -0.03 1 1508
-396.4 219.1 0.02070 0.00372 8.1 -0.38 1 1508
107.7 315.5 0.01460 0.00061 58.9 -0.08 1 1508
-199.9 12.8 0.01872 0.00002 16.5 -0.18 1 1508
-258.3 -8.8 0.01283 0.00004 129.2 -0.05 1 1508
-395.8 -76.9 0.00935 0.00186 141.1 -0.07 1 1508
185.4 366.3 0.02074 0.00752 15.3 -0.20 1 1508
-37.6 24.9 0.01509 -0.00024 180.6 -0.02 1 1508
80.6 76.1 0.01679 0.00069 103.9 -0.03 1 1508
-407.8 104.2 0.00515 -0.01079 37.8 -0.18 1 1508
-373.2 -51.9 0.01320 -0.00048 90.6 -0.04 1 1508
-386.3 -49.8 0.01194 -0.00079 145.5 -0.07 1 1508
-337.1 35.6 0.01223 0.00060 104.4 -0.07 1 1508
120.4 149.8 0.01683 -0.00231 8.9 -0.41 -1 1508
-176.6 255.7 0.01939 -0.00500 13.0 -0.21 -1 1508
-269.7 48.7 0.01365 -0.00001 156.3 -0.04 1 1508
-345.3 10.7 0.01477 -0.01249 20.1 -0.21 -1 1508
13.3 -28.5 0.01787 -0.00593 13.9 -0.19 1 1508
-316.0 204.9 0.00243 0.00493 4.7 -1.26 -1 1508
-104.3 254.5 0.02059 0.00328 34.0 -0.16 1 1508
63.5 354.7 0.01427 0.00257 72.7 -0.07 1 1508
-236.8 -108.8 0.01979 -0.00384 39.1 -0.08 1 1508
-37.5 277.6 0.01585 0.00305 13.1 -0.20 -1 1508
191.5 310.9 0.01788 0.00282 149.1 -0.03 1 1508
45.5 59.5 0.01283 0.00289 11.0 -0.23 1 1508
240.3 115.0 0.02870 -0.00403 2.5 -0.43 1 1508
109.8 231.4 0.02234 -0.00325 5.1 -0.83 1 1508
245.5 162.8 0.01554 0.00579 93.8 -0.02 1 1508
-162.3 220.9 0.01481 0.00154 190.6 -0.02 1 1508
-30.7 162.2 0.01574 0.00186 153.1 -0.02 1 1508
-49.2 74.9 0.01771 0.00314 46.3 -0.08 1 1508
-319.2 215.1 0.01267 0.00253 98.6 -0.07 1 1508
-76.2 65.1 0.02128 -0.00952 34.6 -0.19 1 1508
-349.9 99.3 0.01715 -0.01061 5.8 -0.74 1 1508
72.6 32.3 0.01737 0.00239 126.4 -0.02 1 1508
224.3 263.7 -0.02465 -0.02261 3.9 -0.28 1 1508
-362.3 152.9 0.00795 -0.01643 18.7 -0.30 1 1508
-162.4 325.0 0.01377 0.00314 185.9 -0.05 1 1508
-170.1 -143.1 0.01466 -0.01928 14.8 -0.32 1 1508
188.1 297.7 0.01774 0.00288 100.1 -0.04 1 1508
-63.5 386.6 0.01460 0.00322 122.3 -0.05 1 1508
181.2 396.5 0.02091 -0.00123 104.1 -0.05 1 1508
-136.0 365.5 0.02068 0.00020 19.7 -0.18 -1 1508
111.1 194.9 0.01143 0.01868 4.5 -0.45 1 1508
-177.4 25.4 0.01369 0.00087 141.7 -0.04 1 1508
-82.4 79.4 0.01510 0.00394 4.4 -1.29 -1 1508
153.8 342.8 0.01733 0.00379 95.2 -0.05 1 1508
-216.7 406.0 0.01880 -0.00109 80.0 -0.07 1 1508
-191.0 216.4 0.01589 -0.00437 93.3 -0.07 1 1508
-166.9 358.6 0.01084 0.00459 20.6 -0.19 1 1508
-235.2 343.0 0.01389 -0.00429 62.8 -0.08 1 1508
105.3 -160.4 0.01403 -0.00940 38.0 -0.02 -1 1508
-116.5 -57.1 0.01771 -0.00170 9.1 -0.41 1 1508
-219.5 214.6 0.00879 -0.00763 42.2 -0.11 1 1508
-137.0 210.9 0.01451 -0.00321 16.6 -0.20 -1 1508
-144.7 387.6 0.01292 0.00055 32.9 -0.12 -1 1508
34.3 58.5 0.02041 0.00463 76.8 -0.08 1 1508
-193.7 -29.9 0.01378 -0.00039 119.0 -0.04 1 1508
-399.5 242.2 0.01191 0.00220 143.6 -0.07 1 1508
-409.7 227.8 0.01399 0.00279 10.3 -0.33 -1 1508
-421.0 405.5 -0.03258 0.03034 3.8 -0.60 1 1508
-295.0 364.6 0.01192 0.00357 11.8 -0.32 1 1508
-107.1 358.0 0.01512 0.00359 128.7 -0.05 1 1508
-279.8 -30.4 0.01037 -0.00180 60.2 -0.13 -1 1508
14.7 177.4 0.01573 0.00187 154.1 -0.02 1 1508
-213.1 104.1 0.00383 -0.02023 14.6 -0.21 -1 1508
-14.5 -69.2 0.02599 0.00239 25.7 -0.18 -1 1508
-418.4 354.7 0.00657 -0.00711 7.8 -0.29 -1 1508
29.5 173.5 0.01684 0.00215 8.7 -0.39 1 1508
193.8 29.8 0.02472 -0.00365 4.9 -1.14 -1 1508
-72.1 57.9 0.01800 0.00011 11.3 -0.21 -1 1508
-27.9 -27.4 0.01202 -0.00066 40.5 -0.06 1 1508
-404.4 -6.9 0.01210 -0.00009 203.7 -0.05 -1 1508
-154.6 -84.7 0.01438 -0.00073 132.3 -0.03 1 1508
-209.2 474.9 0.01560 0.00537 27.7 -0.07 1 1508
-189.2 361.8 0.01351 0.00332 105.8 -0.07 1 1508
-356.2 2.6 0.15340 0.00119 1.5 -0.81 1 1508
61.2 83.2 0.02033 0.00101 16.6 -0.19 1 1508
96.7 125.9 0.01662 0.00121 201.6 0.00 -1 1508
35.8 357.6 0.01738 -0.00141 35.8 -0.09 1 1508
-115.4 382.8 0.01468 0.00399 120.3 -0.05 1 1508
-345.7 72.3 0.00898 0.00343 2.3 -4.28 -1 1508
-52.7 225.9 0.01128 0.00273 33.0 -0.08 -1 1508
-349.8 -5.5 0.01087 -0.00336 20.0 -0.21 -1 1508
129.9 257.1 0.01936 -0.00030 10.0 -0.35 1 1508
-21.0 121.2 0.01473 0.00174 10.2 -0.31 -1 1508
-289.1 338.1 0.01353 0.00269 142.9 -0.05 1 1508
-192.2 18.5 0.01089 -0.00159 33.9 -0.12 1 1508
-233.1 329.1 0.01971 -0.00295 33.0 -0.15 1 1508
117.8 264.2 0.01865 -0.00874 23.1 -0.15 1 1508
-57.7 377.8 0.01618 0.00374 10.3 -0.32 1 1508
-153.5 154.9 0.01424 0.00185 87.5 -0.05 1 1508
-333.9 -186.7 0.01667 -0.01064 47.7 -0.07 1 1508
236.2 276.7 0.02192 0.00766 65.7 -0.04 1 1508
-177.5 83.9 0.05355 0.01737 1.9 -0.98 -1 1508
-343.0 305.2 0.01683 0.00720 21.2 -0.15 1 1508
179.1 251.7 0.01749 0.00273 83.8 -0.04 1 1508
-299.3 27.5 0.01378 0.00016 178.4 -0.03 1 1508
-357.8 278.6 0.00916 0.00207 58.7 -0.14 1 1508
123.3 193.7 0.01690 0.00195 132.3 -0.02 1 1508
-198.0 327.1 0.01288 0.00335 3.2 -2.69 1 1508
-26.9 348.9 0.01287 0.00332 52.8 -0.09 1 1508
209.2 116.9 0.02251 0.00082 12.0 -0.20 1 1508
-234.5 241.6 0.01402 0.00166 185.2 -0.04 1 1508
-61.9 -38.7 0.01617 0.00146 68.1 -0.05 1 1508
3.2 92.8 0.01618 0.00118 151.2 -0.02 1 1508
-254.5 -88.8 0.01371 -0.00034 139.0 -0.04 1 1508
-72.9 219.7 0.01805 0.00297 31.4 -0.09 -1 1508
-112.2 255.3 0.01522 0.00202 146.6 -0.04 1 1508
-367.4 39.7 0.00981 -0.00551 47.9 -0.13 1 1508
-282.7 5.7 0.01771 -0.01061 9.9 -0.47 1 1508
-216.4 -101.6 0.01182 -0.00245 41.5 -0.09 1 1508
-394.4 -101.0 0.01615 0.00420 46.6 -0.07 1 1508
-369.7 380.3 0.01348 0.00353 7.3 -0.60 -1 1508
8.7 -55.2 0.01817 -0.00495 9.0 -0.41 -1 1508
-382.7 123.8 0.01294 0.00168 8.6 -0.43 -1 1508
-228.0 119.5 0.00825 0.00044 2.7 -2.90 1 1508
14.8 355.6 0.01072 -0.00834 7.1 -0.14 -1 1508
-269.3 -42.2 0.00798 -0.00850 45.6 -0.16 -1 1508
-235.5 62.8 0.00708 0.01618 8.8 -0.35 -1 1508
-42.6 339.4 0.01792 0.00301 11.6 -0.25 -1 1508
40.2 120.8 0.01651 -0.00250 18.3 -0.15 -1 1508
259.6 367.8 0.03162 -0.02581 4.4 -0.45 1 1508
-414.1 357.3 0.01476 -0.00013 15.3 -0.25 1 1508
-207.8 76.8 -0.04581 0.00905 2.8 -1.32 1 1508
-270.3 10.6 0.01148 -0.00482 15.8 -0.23 -1 1508
109.6 300.2 0.01711 0.00277 183.8 -0.03 1 1508
-37.6 111.9 0.01592 0.00080 175.4 -0.02 1 1508
190.6 400.8 0.01866 0.00539 103.4 -0.05 1 1508
-90.4 -35.3 0.01750 0.00352 96.9 -0.04 1 1508
-27.8 380.3 0.01952 -0.01285 25.6 -0.06 1 1508
163.3 195.4 0.01664 0.00227 15.0 -0.15 -1 1508
4.8 173.5 0.01849 -0.00191 15.6 -0.23 1 1508
105.9 328.0 0.01751 0.00341 4.9 -1.10 -1 1508
30.0 -49.3 0.03187 -0.01510 9.9 -0.38 -1 1508
-137.6 110.7 0.01251 0.00114 46.3 -0.07 1 1508
145.0 246.1 0.01849 0.00330 11.4 -0.30 1 1508
-340.3 182.3 0.01137 0.00533 34.8 -0.08 -1 1508
-267.3 54.8 -0.00087 -0.01709 4.5 -0.93 1 1508
-237.1 -88.5 0.01559 -0.00492 14.6 -0.23 1 1508
42.0 48.5 0.01548 -0.00338 4.8 -1.20 -1 1508
-338.3 -46.2 0.01236 -0.00032 169.8 -0.06 1 1508
-266.1 245.2 0.01631 -0.00217 18.3 -0.18 1 1508
-229.1 291.1 0.01010 0.00458 14.7 -0.20 1 1508
-292.4 -101.0 0.01257 -0.00073 156.0 -0.05 1 1508
-219.8 223.7 0.01434 0.00222 122.4 -0.04 1 1508
-311.0 168.1 0.01847 -0.00110 14.3 -0.23 1 1508
-205.6 279.9 0.01256 0.00103 14.0 -0.21 -1 1508
-208.8 96.2 0.01175 0.00097 52.8 -0.08 1 1508
-341.2 19.8 0.01271 0.00062 99.4 -0.05 1 1508
170.1 296.6 0.01780 0.00279 88.4 -0.05 1 1508
-326.6 -58.1 0.01346 -0.00013 194.8 -0.03 1 1508
191.3 195.2 0.02052 -0.00155 8.1 -0.52 1 1508
-167.8 221.1 0.01715 -0.00025 9.0 -0.32 -1 1508
-65.0 291.8 0.02231 -0.00053 22.4 -0.20 1 1508
-258.9 157.3 0.01807 0.00118 19.9 -0.15 1 1508
-201.7 364.8 0.01439 0.00345 142.4 -0.05 1 1508
11.2 226.9 0.01284 0.00121 52.5 -0.05 1 1508
327.9 116.8 -0.03440 -0.07834 0.9 -0.54 1 1508
-300.5 373.7 0.00852 0.00454 77.3 -0.13 1 1508
-222.4 184.2 0.01336 0.00240 74.9 -0.06 1 1508
-71.8 209.7 0.01736 0.00063 3.5 -2.28 1 1508
-129.6 65.2 0.01516 0.00064 137.8 -0.03 1 1508
19.9 -100.6 0.08126 0.03967 1.0 -0.54 1 1508
-330.0 -46.8 0.01399 0.00135 132.6 -0.06 1 1508
-67.8 149.1 0.00654 0.00195 21.5 -0.07 1 1508
24.6 395.7 0.01975 0.00130 130.8 -0.04 1 1508
-145.3 -91.4 0.03651 0.00032 10.0 -0.25 1 1508
-377.6 222.8 0.01202 0.00210 78.3 -0.09 1 1508
-80.9 88.2 0.01950 0.00152 14.8 -0.22 1 1508
3.2 207.8 0.01572 0.00196 129.8 -0.02 1 1508
-174.5 92.7 0.02160 -0.00062 20.8 -0.15 1 1508
-303.7 177.6 0.01247 0.00135 111.5 -0.07 1 1508
-228.2 72.1 0.01331 0.00059 141.1 -0.05 1 1508
-202.6 322.0 0.01236 0.00277 9.4 -0.38 1 1508
-147.9 -5.1 0.01400 -0.00015 162.5 -0.03 1 1508
-53.0 -131.7 -0.10038 0.09116 1.1 -0.90 -1 1508
399.1 523.2 0.01803 0.02449 10.3 -0.13 1 1508
227.9 59.8 0.01967 0.00333 58.3 -0.03 1 1508
159.4 -79.8 0.01720 -0.00123 155.0 -0.02 1 1508
-228.9 380.1 0.01217 0.00111 8.6 -0.44 1 1508
-31.8 58.8 0.01458 -0.00301 13.3 -0.24 1 1508
-182.0 288.5 0.01444 -0.00596 7.4 -0.37 -1 1508
250.2 261.1 0.08366 -0.02122 2.7 -0.23 1 1508
168.2 16.5 0.02916 -0.01069 6.4 -0.64 1 1508
165.7 301.4 0.01737 0.00274 157.0 -0.03 1 1508
-258.7 270.8 0.01503 0.00399 10.2 -0.34 1 1508
63.2 339.5 0.01336 -0.00189 23.6 -0.16 1 1508
-46.3 -74.5 0.02357 -0.01201 7.0 -0.56 1 1508
-246.7 193.7 0.01615 0.00076 7.7 -0.52 -1 1508
-344.6 -95.1 0.01759 -0.00183 63.8 -0.09 1 1508
77.1 125.2 0.01869 0.00053 7.9 -0.50 1 1508
194.1 7.3 0.02019 -0.00010 31.5 -0.07 1 1508
-20.1 159.2 0.00611 0.02627 8.4 -0.46 1 1508
70.3 200.8 0.01616 0.00314 111.3 -0.04 1 1508
-413.9 369.0 0.01759 0.00383 28.7 -0.17 1 1508
-322.3 -8.2 0.01278 -0.00063 119.1 -0.05 1 1508
-238.7 189.3 0.00583 -0.00899 5.6 -0.86 1 1508
-376.2 100.6 0.01181 0.00086 84.4 -0.08 1 1508
16.7 -101.3 0.01322 -0.00115 95.5 -0.05 -1 1508
-84.6 123.8 0.01412 -0.00312 10.8 -0.32 1 1508
206.2 -88.8 0.00995 -0.05885 1.9 -1.94 1 1508
29.9 113.3 0.01422 0.00180 105.5 -0.04 -1 1508
-169.6 529.5 0.01319 0.00692 41.3 -0.09 1 1508
-352.7 -41.6 0.01071 -0.00505 10.9 -0.39 1 1508
-361.6 356.1 0.01286 -0.00247 4.9 -1.07 -1 1508
-65.9 307.1 0.01501 0.00299 124.9 -0.04 1 1508
-77.3 85.6 0.01179 0.00076 50.3 -0.06 1 1508
-376.0 220.5 0.01220 -0.00677 23.3 -0.16 1 1508
-10.6 349.8 0.01505 0.00349 18.6 -0.13 -1 1508
-6.0 358.5 0.01587 0.00375 109.8 -0.05 1 1508
27.3 332.4 0.01351 0.00031 38.1 -0.12 1 1508
122.0 173.3 0.01818 0.00595 61.3 -0.07 1 1508
105.8 361.5 0.01717 0.00331 141.9 -0.04 1 1508
-200.9 394.1 0.01766 0.00762 31.9 -0.11 1 1508
-199.3 -87.1 0.01185 -0.00795 14.7 -0.19 -1 1508
-317.2 -37.3 0.00959 -0.00016 20.9 -0.20 1 1508
-383.7 397.5 -0.00833 0.00300 21.5 -0.18 1 1508
-236.5 132.9 0.00869 0.00148 30.6 -0.10 1 1508
-117.1 335.7 0.01861 0.00115 43.4 -0.12 -1 1508
-229.6 6.5 0.01709 -0.00058 47.8 -0.08 1 1508
177.0 -128.7 0.04263 0.00840 4.4 -0.23 -1 1508
97.1 -60.5 0.01435 -0.00045 101.0 -0.04 -1 1508
-285.1 80.5 0.01274 -0.00406 9.7 -0.36 1 1508
-419.5 268.3 0.03669 -0.00542 15.3 -0.12 1 1508
-462.1 -59.7 0.01318 0.01122 23.8 -0.09 1 1508
-63.1 28.0 0.01527 0.00014 165.4 -0.02 1 1508
-147.1 90.8 0.01465 0.00319 12.1 -0.31 1 1508
15.6 383.1 0.01398 0.00668 47.7 -0.10 1 1508
-157.3 4.6 0.01493 -0.00006 144.6 -0.03 1 1508
202.5 67.1 0.01795 0.00212 109.8 -0.02 1 1508
100.2 -90.1 0.01663 -0.00120 152.1 -0.02 1 1508
178.6 313.0 0.01627 0.00359 99.6 -0.03 1 1508
105.9 118.1 0.01718 0.00112 156.5 -0.02 1 1508
-9.3 200.3 0.01424 -0.00265 44.9 -0.07 -1 1508
177.9 130.8 0.01666 0.00150 154.6 -0.01 1 1508
-260.4 474.5 -0.00161 0.00540 37.1 -0.09 1 1508
-39.0 245.8 0.01582 0.00247 154.0 -0.03 1 1508
190.1 -34.6 0.01777 -0.00039 119.0 -0.02 1 1508
121.6 320.3 0.01926 0.00133 10.4 -0.32 1 1508
-76.1 -37.5 0.01469 -0.00083 158.0 -0.03 1 1508
-161.4 160.5 0.01383 0.00167 147.4 -0.04 1 1508
50.2 -81.1 0.01560 -0.00407 12.3 -0.28 1 1508
-137.7 200.9 0.00983 -0.00153 8.6 -0.38 -1 1508
130.0 139.1 0.01932 0.00111 11.6 -0.25 -1 1508
261.4 135.8 -0.03871 0.06985 1.5 -0.33 1 1508
-239.2 429.9 0.00481 0.00475 59.3 -0.08 1 1508
-361.7 76.7 0.01312 0.00085 148.9 -0.05 1 1508
255.7 -152.7 0.02696 -0.00740 32.0 -0.05 1 1508
78.5 162.6 0.02136 0.00902 14.3 -0.27 -1 1508
-362.6 212.9 0.01453 0.00344 31.3 -0.09 1 1508
-363.9 -102.9 0.01065 -0.00001 26.3 -0.13 1 1508
-95.3 -139.8 0.02218 -0.00493 67.4 -0.04 1 1508
-49.6 222.3 0.01038 -0.00457 6.2 -0.74 1 1508
1.8 319.9 0.01426 -0.00308 8.9 -0.18 -1 1508
-287.3 415.1 0.00925 0.00199 91.1 -0.08 1 1508
134.2 13.6 -0.03230 -0.01713 4.6 -0.53 -1 1508
-292.4 394.6 0.01556 -0.00406 11.7 -0.15 1 1508
-415.2 156.9 0.01109 0.00228 152.5 -0.08 1 1508
-88.2 251.1 0.01364 0.00288 18.6 -0.14 -1 1508
74.2 -101.6 0.01650 0.00107 140.3 -0.02 1 1508
98.7 21.7 0.01483 0.00085 16.3 -0.11 1 1508
-413.2 67.4 0.01191 0.00102 125.7 -0.07 1 1508
24.7 152.3 0.01501 -0.00976 13.1 -0.19 1 1508
-54.1 -7.6 0.01579 -0.00004 139.4 -0.02 1 1508
-183.6 179.7 0.01455 0.00139 128.8 -0.03 1 1508
-239.8 185.9 0.01831 0.00911 5.6 -0.71 1 1508
-217.6 175.3 0.01348 0.00161 105.9 -0.05 1 1508
54.2 156.1 0.01594 0.00235 124.7 -0.03 1 1508
253.0 2.0 0.02809 -0.01659 17.9 -0.39 -1 1508
-193.6 -56.3 0.01443 -0.00085 140.8 -0.03 1 1508
-487.1 470.4 -0.01313 -0.01191 3.2 -0.18 1 1508
-186.7 159.7 0.01369 0.00155 152.2 -0.04 1 1508
50.4 141.6 0.01562 0.00143 162.3 -0.02 1 1508
-246.8 372.5 0.01215 -0.00004 17.8 -0.23 -1 1508
-387.2 42.1 0.01329 0.00220 127.1 -0.08 1 1508
109.7 -44.6 0.02035 0.00578 14.3 -0.12 1 1508
119.5 287.1 0.03806 -0.00648 14.1 -0.34 1 1508
198.4 -8.7 0.02094 -0.00408 9.9 -0.38 -1 1508
-306.0 405.5 0.01289 0.00528 121.5 -0.08 1 1508
83.0 240.5 0.01808 0.00280 7.6 -0.52 -1 1508
1.7 -67.4 0.02914 0.01095 12.4 -0.07 1 1508
-149.9 176.1 0.01518 0.00220 7.0 -0.59 1 1508
-409.8 275.0 0.01376 0.00285 4.3 -1.51 -1 1508
101.6 135.0 0.01514 0.00205 40.7 -0.06 1 1508
47.8 89.8 0.01608 0.00035 119.0 -0.02 1 1508
170.7 138.9 0.01776 0.00118 127.4 -0.02 1 1508
-331.6 186.4 0.01785 0.00198 15.7 -0.22 1 1508
168.4 372.3 0.02083 -0.00090 33.9 -0.16 1 1508
11.1 169.8 0.01251 -0.00201 29.1 -0.09 1 1508
144.4 376.6 0.02976 0.00321 11.0 -0.39 1 1508
-323.6 -74.7 0.01288 -0.00668 45.2 -0.13 1 1508
-404.2 388.4 0.01096 0.00386 16.8 -0.23 -1 1508
-315.9 -28.3 0.01865 -0.03730 3.8 -1.11 1 1508
-92.1 -19.9 0.01541 -0.00051 119.2 -0.03 1 1508
-117.3 -4.4 0.01504 -0.00048 110.3 -0.03 1 1508
-119.6 33.5 0.01912 0.00149 29.9 -0.14 1 1508
20.7 136.7 0.01327 0.00222 21.2 -0.13 1 1508
-185.4 165.7 0.01492 0.00200 5.1 -1.14 1 1508
-116.3 -3.3 0.02108 0.00293 21.9 -0.14 1 1508
-87.5 371.4 0.01535 0.00333 157.2 -0.04 1 1508
77.0 379.9 0.01659 0.00286 139.1 -0.04 1 1508
-346.6 -53.1 0.02032 0.00053 69.7 -0.10 1 1508
-11.1 340.6 0.01574 0.00431 122.4 -0.05 1 1508
-67.8 203.1 0.01323 -0.00255 6.7 -0.55 1 1508
-85.1 181.7 0.02079 0.00083 6.5 -0.83 1 1508
3.2 361.8 0.01638 0.00344 16.1 -0.17 1 1508
-10.4 256.8 0.01353 0.00306 35.9 -0.08 1 1508
-396.9 377.1 0.00872 0.00447 43.4 -0.18 1 1508
-415.1 16.8 0.01111 -0.00119 49.2 -0.13 -1 1508
-306.0 -51.8 0.01286 0.00144 90.4 -0.06 1 1508
100.3 -91.5 0.02421 0.00085 15.9 -0.19 1 1508
-147.3 102.7 0.01449 0.00105 138.5 -0.03 1 1508
-452.9 456.1 0.02869 0.00501 12.7 -0.12 1 1508
-68.2 2.7 0.02002 0.00244 3.7 -1.13 -1 1508
8.5 77.1 0.01447 0.00156 25.7 -0.09 -1 1508
216.0 -10.2 0.03336 -0.00880 3.3 -0.99 1 1508
191.9 138.0 0.01801 -0.00399 49.1 -0.07 1 1508
-391.2 139.4 0.01255 0.00068 147.9 -0.06 1 1508
-240.3 -222.9 0.07044 -0.05317 1.5 -0.48 1 1508
-154.0 13.4 0.01817 -0.02486 3.1 -1.42 1 1508
-370.3 458.6 0.01375 0.01368 55.6 -0.11 1 1508
-132.7 182.4 0.01483 0.00208 167.0 -0.03 1 1508
-238.8 -111.7 0.01064 0.00352 75.9 -0.03 1 1508
-247.9 213.2 0.01132 0.00220 70.3 -0.09 1 1508
-113.4 255.9 0.01728 0.00223 5.0 -1.00 -1 1508
-214.2 229.9 0.01356 0.00218 68.4 -0.06 1 1508
157.6 -47.2 0.01669 -0.00046 189.4 -0.02 1 1508
66.4 292.9 0.01671 0.00293 116.3 -0.04 1 1508
-115.2 329.5 0.01878 0.00368 42.6 -0.13 1 1508
195.4 161.9 0.01787 0.00186 117.4 -0.03 1 1508
12.2 25.4 0.03257 -0.02381 10.3 -0.50 1 1508
-229.5 259.7 0.01321 0.00207 157.8 -0.05 1 1508
-144.1 242.8 0.01598 0.00279 17.1 -0.15 -1 1508
166.6 -21.9 0.01968 -0.00400 12.0 -0.30 -1 1508
-407.0 -5.6 0.01263 0.00045 129.1 -0.05 1 1508
-235.2 210.6 0.01399 0.00232 154.1 -0.04 1 1508
-277.5 -152.2 0.01694 -0.01803 25.8 -0.21 1 1508
40.8 231.2 0.01624 0.00223 90.5 -0.04 1 1508
-172.0 211.2 0.01351 0.00325 67.3 -0.05 1 1508
-176.6 -32.5 0.01906 -0.00902 8.8 -0.38 1 1508
-434.1 131.7 0.00285 -0.00151 34.6 -0.16 1 1508
-41.9 101.6 0.01573 0.00109 157.3 -0.02 1 1508
26.1 69.9 0.02593 -0.00102 23.9 -0.21 1 1508
-87.4 38.2 0.01212 -0.00134 35.5 -0.10 1 1508
-93.5 -36.4 0.01617 -0.00350 7.5 -0.62 1 1508
-397.7 345.4 0.01414 0.00365 8.2 -0.49 1 1508
-63.3 -131.5 0.02711 -0.00289 2.9 -0.60 1 1508
-141.1 341.5 0.01491 0.00320 155.1 -0.04 1 1508
23.3 511.9 0.00921 0.01236 63.7 -0.06 1 1508
81.1 -227.3 0.01537 -0.01488 55.8 -0.04 1 1508
-277.1 -72.9 0.01314 -0.00081 133.5 -0.05 1 1508
-299.0 47.5 0.00924 -0.00189 9.8 -0.33 1 1508
166.4 55.7 0.01746 0.00047 116.4 -0.02 1 1508
-4.7 -181.1 0.02233 -0.00879 22.6 -0.04 1 1508
-97.3 -75.2 0.01685 0.00242 45.0 -0.09 -1 1508
148.1 127.0 0.01718 0.00127 146.9 -0.02 1 1508
50.7 150.7 0.01353 -0.00015 21.8 -0.12 1 1508
-52.2 31.5 0.01813 0.00206 79.0 -0.07 1 1508
-374.9 -47.0 0.01184 -0.00027 172.0 -0.07 1 1508
272.5 214.4 -0.05878 -0.01975 1.0 -0.73 1 1508
-122.7 111.9 0.01693 0.00021 1.5 -11.14 1 1508
-248.5 127.5 0.01619 0.00413 52.5 -0.10 1 1508
-6.6 94.8 0.01314 0.00362 27.6 -0.08 1 1508
37.0 -21.2 0.02212 -0.00153 5.1 -1.00 1 1508
-29.7 165.0 0.01693 0.00223 8.3 -0.40 1 1508
-229.2 -81.6 0.01345 -0.00092 99.7 -0.03 1 1508
-360.0 -99.7 0.01426 -0.01355 4.8 -1.04 -1 1508
-161.3 27.4 0.02146 0.00166 38.0 -0.15 1 1508
-183.1 -126.2 0.00862 0.00226 88.5 -0.04 1 1508
-423.7 283.7 0.00800 -0.02358 12.0 -0.23 1 1508
-86.7 173.1 0.01310 0.00251 59.7 -0.06 1 1508
-8.2 -42.6 0.01852 -0.00372 17.8 -0.20 1 1508
81.8 344.2 0.01618 0.00197 49.5 -0.03 1 1508
214.4 194.5 0.01806 0.00190 187.4 -0.01 -1 1508
-26.4 405.1 0.00341 -0.00183 24.2 -0.08 1 1508
-289.9 113.0 0.01400 0.00165 4.7 -1.31 1 1508
-257.9 391.5 0.03654 0.00329 5.8 -0.20 1 1508
110.3 172.9 0.01674 0.00163 121.6 -0.02 1 1508
-0.3 375.2 0.01759 -0.00560 18.4 -0.08 1 1508
-375.6 -81.2 0.01183 -0.00073 157.7 -0.07 1 1508
-369.3 379.3 0.01321 0.00238 58.6 -0.06 1 1508
-338.0 -9.0 0.01272 -0.00055 151.7 -0.05 1 1508
-147.0 56.8 0.00801 -0.00023 32.7 -0.06 1 1508
-431.5 184.6 0.01220 0.00196 55.1 -0.08 1 1508
-239.1 86.3 0.01220 -0.00156 4.2 -1.63 -1 1508
161.5 396.8 0.01734 0.00473 110.0 -0.05 1 1508
-463.7 -76.4 0.00988 0.00071 15.9 -0.10 1 1508
-146.5 -1.9 0.01475 -0.00028 169.2 -0.03 1 1508
41.2 336.3 0.01637 0.00322 196.3 -0.03 1 1508
-102.6 135.0 0.01426 0.00091 168.9 -0.02 1 1508
-403.4 -64.5 0.01897 -0.00090 80.3 -0.08 1 1508
-91.6 -52.7 0.01533 -0.00084 147.8 -0.02 1 1508
39.6 207.1 0.01659 0.00208 175.6 -0.02 1 1508
240.5 210.3 0.01948 0.00043 109.6 -0.03 1 1508
-196.6 -71.7 0.00989 -0.00320 68.1 -0.09 1 1508
-203.6 157.5 0.01916 0.00384 18.2 -0.16 1 1508
-54.4 113.0 0.01331 0.00169 42.0 -0.06 1 1508
204.8 304.1 0.00686 -0.01971 5.4 -0.60 -1 1508
-46.5 -41.4 0.01566 -0.00087 144.8 -0.02 1 1508
96.7 -48.0 0.01751 -0.00455 22.5 -0.13 1 1508
-148.2 271.2 0.01385 0.00248 104.6 -0.05 1 1508
28.2 59.0 0.01379 -0.00469 79.3 -0.09 -1 1451
-76.8 99.2 0.00837 0.00222 1.9 -5.31 1 1451
-281.8 110.2 0.01393 0.00159 5.3 -1.04 -1 1451
-11.6 82.0 0.01577 0.00102 92.8 -0.03 1 1451
-237.4 338.2 0.01196 -0.00062 9.4 -0.38 1 1451
-364.8 -71.4 0.00601 0.00342 7.4 -0.56 1 1451
-140.8 369.8 0.01350 -0.00050 28.2 -0.12 1 1451
55.4 221.2 0.01745 0.00251 4.0 -1.76 1 1451
150.0 93.6 0.02820 -0.00175 34.7 -0.27 1 1451
-181.4 -91.2 0.00806 0.01830 5.3 -0.68 1 1451
23.1 239.0 0.01589 0.00256 95.0 -0.03 1 1451
-350.4 -48.2 -0.01244 0.02131 1.1 -7.24 1 1451
169.3 154.2 0.01665 0.00205 76.0 -0.04 1 1451
143.7 269.4 0.02019 0.00068 3.8 -1.88 1 1451
219.1 218.8 0.01763 0.00096 104.0 -0.03 1 1451
-305.5 -54.5 0.01555 -0.00192 4.4 -1.47 1 1451
-329.1 314.3 0.01686 0.00701 6.6 -0.67 1 1451
-125.4 -95.6 0.01186 -0.00257 88.8 -0.04 1 1451
-307.0 376.3 0.01408 0.00355 3.0 -3.15 -1 1451
-464.4 49.9 0.00104 -0.00525 23.1 -0.16 1 1451
-381.2 178.8 0.01114 -0.00169 2.9 -3.35 1 1451
-187.7 269.7 0.01059 -0.00924 5.4 -0.63 1 1451
-224.5 56.4 0.01045 -0.00133 51.0 -0.13 1 1451
85.7 -6.7 0.01436 -0.00014 25.4 -0.07 1 1451
-161.0 -21.5 0.00680 -0.00358 6.2 -0.33 1 1451
-423.5 54.0 0.00607 0.00126 17.7 -0.11 1 1451
-204.4 314.3 0.01726 -0.00776 21.6 -0.08 1 1451
-268.3 325.6 0.01256 0.00436 1.7 -7.39 -1 1451
207.3 279.8 0.01919 0.00063 21.4 -0.14 1 1451
-70.6 -70.1 0.02204 0.00038 26.5 -0.16 1 1451
-37.8 270.9 0.01433 -0.00172 58.8 -0.06 1 1451
-322.5 -194.9 0.01497 -0.01552 42.4 -0.08 1 1451
12.6 86.6 0.02359 -0.00234 25.7 -0.20 1 1451
-312.3 169.4 0.01557 -0.00126 3.2 -2.42 1 1451
111.8 -115.8 0.02052 -0.01458 11.2 -0.24 -1 1451
-175.7 -75.8 0.01224 0.00113 29.8 -0.08 1 1451
-391.2 338.3 0.01283 0.00343 12.4 -0.28 1 1451
-36.5 380.5 0.01312 0.00373 38.0 -0.10 -1 1451
-154.3 274.8 0.01273 0.01786 1.6 -7.01 -1 1451
-322.2 -100.5 0.00894 -0.00856 20.7 -0.19 1 1451
16.0 255.9 0.01980 -0.00734 8.0 -0.38 -1 1451
-344.8 -135.7 0.00318 -0.00019 36.4 -0.07 1 1451
-204.5 303.1 0.01224 0.00149 48.5 -0.08 1 1451
-268.7 -48.7 0.01321 0.00005 69.9 -0.06 1 1451
161.6 -143.4 0.01443 -0.00211 80.8 -0.01 -1 1451
219.7 352.5 0.01970 0.00354 120.7 -0.03 -1 1451
103.5 -25.9 0.02488 -0.00233 1.2 -17.88 1 1451
-149.2 -34.1 0.01309 -0.00885 14.4 -0.22 -1 1451
-344.8 235.2 0.01845 0.00031 63.3 -0.11 1 1451
-221.1 86.8 0.02378 0.01016 13.8 -0.35 -1 1451
92.3 312.6 0.01990 0.00196 6.8 -0.60 1 1451
146.0 243.6 0.01915 -0.00009 3.4 -2.36 -1 1451
-217.1 354.1 0.02189 0.00866 23.3 -0.17 1 1451
-45.9 319.8 0.01765 -0.00038 3.1 -2.91 1 1451
-255.5 -51.4 0.01487 -0.00390 3.4 -2.03 1 1451
-226.1 149.6 0.00603 0.00215 4.0 -1.53 1 1451
-8.6 291.5 -0.20634 0.04329 0.5 -3.92 1 1451
-37.3 294.4 0.01790 0.00543 2.1 -5.34 -1 1451
22.3 285.5 0.01688 0.00295 3.8 -1.96 1 1451
-208.8 261.3 0.01256 -0.00083 0.9 -29.13 1 1451
49.0 -154.6 0.01722 -0.02567 12.4 -0.19 1 1451
101.5 370.4 0.03398 -0.00247 6.5 -0.65 1 1451
-36.1 219.9 0.02307 0.00372 44.0 -0.17 1 1451
-115.0 286.8 0.01396 0.00285 2.5 -4.49 1 1451
-250.9 214.5 0.01200 0.00046 5.5 -0.97 1 1451
-324.6 276.1 0.01265 0.00332 94.1 -0.07 1 1451
-309.6 277.9 0.01215 0.00285 2.0 -6.80 -1 1451
173.1 77.3 -0.03411 0.03046 1.8 -2.25 1 1451
201.9 186.2 -0.02708 0.02667 1.0 -2.81 -1 1451
-119.1 128.7 0.01050 -0.00479 10.9 -0.18 1 1451
-2.5 413.0 0.01650 0.00395 122.9 -0.03 1 1451
198.7 145.0 0.01942 0.00078 1.8 -8.33 1 1451
-195.2 -65.6 0.01381 -0.00053 92.6 -0.05 1 1451
-399.3 208.4 0.00890 -0.00292 10.4 -0.34 1 1451
21.8 360.4 0.00608 -0.01387 23.9 -0.10 1 1451
186.8 4.4 -0.00436 -0.01183 1.9 -3.55 1 1451
-168.8 -35.6 0.01922 -0.00539 10.9 -0.39 1 1451
-287.7 193.9 0.00337 -0.00266 3.3 -1.93 1 1451
-267.8 211.8 0.01401 0.00253 10.0 -0.33 1 1451
-40.8 246.8 0.01972 -0.00037 11.7 -0.28 1 1451
-332.9 149.6 0.01580 -0.00030 7.2 -0.44 -1 1451
-235.9 105.6 0.00319 0.01941 7.2 -0.41 1 1420
105.2 48.1 0.02264 0.00207 37.1 -0.14 -1 1420
40.8 364.3 0.01454 0.00224 19.6 -0.10 -1 1420
159.5 -38.9 0.16117 0.02967 1.0 -2.27 -1 1420
-282.1 44.6 0.00984 -0.00541 31.4 -0.21 1 1420
10.5 338.3 0.01553 0.00443 17.8 -0.15 1 1420
-390.2 339.0 0.02328 0.01114 31.2 -0.15 1 1420
-410.2 228.9 0.01066 0.00148 17.4 -0.19 -1 1420
95.8 139.9 0.01485 0.00111 27.3 -0.06 -1 1420
-144.2 91.3 0.01374 0.00094 33.0 -0.11 1 1420
-71.1 155.0 0.01489 0.00168 94.8 -0.02 1 1420
-394.5 -109.3 0.01163 -0.00795 37.2 -0.16 -1 1420
-276.3 38.3 0.01240 -0.00430 13.2 -0.25 1 1420
-286.1 273.9 0.01340 0.00320 21.0 -0.12 1 1420
-326.7 132.1 0.01749 0.00238 9.2 -0.36 1 1420
-71.7 179.1 0.01104 -0.00292 8.8 -0.36 1 1420
-66.0 71.5 0.08660 0.01671 2.0 -1.10 -1 1420
-19.6 51.2 0.01598 0.00134 19.9 -0.08 -1 1420
-304.0 -65.3 0.01606 -0.00266 20.9 -0.13 1 1420
-186.4 276.6 0.01690 -0.00532 8.5 -0.43 1 1420
21.0 309.8 0.01275 0.00288 50.5 -0.07 -1 1420
-62.8 229.5 0.01358 0.00119 13.9 -0.18 1 1420
127.6 125.5 0.01590 0.00209 31.8 -0.05 1 1420
-102.1 309.0 0.01459 0.00192 27.1 -0.06 1 1420
-180.2 91.3 0.01480 -0.00832 10.1 -0.38 -1 1420
-252.2 308.5 0.01090 -0.00664 5.0 -1.13 1 1420
16.3 334.1 0.01570 0.00669 6.9 -0.42 -1 1420
-151.4 -72.4 0.01446 -0.00059 122.7 -0.02 1 1420
217.3 274.5 0.02529 0.00020 30.6 -0.12 1 1420
-298.6 -0.3 0.01485 0.00168 23.9 -0.09 1 1420
-389.5 282.0 0.01071 0.00303 13.0 -0.27 1 1420
-106.0 156.2 0.01390 -0.00335 45.4 -0.08 1 1420
-405.5 315.3 0.00891 0.00236 11.0 -0.31 -1 1420
-111.6 162.6 0.01146 -0.00205 26.8 -0.16 1 1420
-360.9 336.3 0.01322 0.00374 21.9 -0.12 1 1420
-97.7 406.6 0.00702 0.00249 39.6 -0.06 -1 1420
116.3 85.1 0.01489 0.00687 9.6 -0.39 1 1420
-172.3 177.3 0.01339 -0.00308 22.0 -0.10 -1 1420
-300.4 21.7 0.01359 -0.00025 71.1 -0.04 1 1420
-100.0 -70.1 0.01766 -0.00311 8.9 -0.44 1 1420
-239.6 119.5 0.00861 0.00004 15.6 -0.17 -1 1420
-405.0 112.3 0.00649 -0.00710 9.0 -0.40 1 1420
-369.0 206.1 0.01869 0.00854 28.4 -0.22 1 1420
27.9 294.4 0.02578 0.00294 17.1 -0.26 1 1420
-386.9 -110.5 0.01091 -0.00629 29.5 -0.17 1 1420
133.2 -42.8 0.01543 0.00017 39.6 -0.03 -1 1420
-83.5 318.0 0.01322 0.00132 38.4 -0.09 1 1420
-310.9 70.8 0.01146 -0.00437 23.5 -0.15 1 1420
-55.8 100.9 0.01604 0.00185 21.2 -0.08 1 1420
-163.5 269.2 0.01385 -0.00222 12.8 -0.24 1 1420
103.3 72.7 0.01595 0.00026 60.1 -0.02 1 1420
74.3 77.3 0.01913 0.00128 4.4 -1.32 1 1420
-368.8 -56.3 0.01061 -0.00148 42.8 -0.11 1 1420
-401.2 -48.1 0.00987 -0.00647 16.9 -0.20 1 1420
-326.6 36.8 0.01446 -0.00480 15.9 -0.19 1 1420
53.9 11.8 0.02734 -0.01033 24.5 -0.28 -1 1420
-247.8 -60.0 0.01317 0.00057 14.3 -0.16 -1 1420
-42.1 -87.5 0.01600 -0.00507 9.3 -0.38 -1 1420
-334.1 375.4 0.01288 0.00241 71.3 -0.06 1 1420
-73.4 276.3 0.01393 0.00339 33.6 -0.08 1 1420
-108.6 -6.9 0.01181 -0.00080 30.0 -0.11 1 1420
-129.4 153.1 0.02077 -0.00368 8.7 -0.37 1 1420
-347.2 363.1 0.01228 0.00361 146.0 -0.06 -1 1420
-339.3 278.2 0.01222 0.00408 11.4 -0.26 1 1420
176.7 -92.6 0.02252 -0.00137 21.0 -0.18 1 1420
-376.5 254.1 0.01041 0.00195 9.9 -0.37 -1 1420
-79.5 345.6 0.01319 0.00006 28.2 -0.12 1 1420
-352.1 76.5 0.01463 0.00182 19.3 -0.12 1 1420
-50.5 252.3 0.01851 0.00064 10.5 -0.28 1 1420
-247.1 232.0 0.01117 -0.00220 7.1 -0.61 1 1420
-81.4 83.7 0.01837 0.00084 4.8 -0.90 1 1420
-213.5 -76.3 0.01712 -0.00757 25.3 -0.16 1 1420
86.8 -92.3 0.02430 -0.00840 23.4 -0.26 1 1420
-183.4 109.1 0.01501 0.00178 9.2 -0.34 -1 1420
197.2 233.6 0.02152 -0.00550 8.9 -0.45 1 1420
-281.2 -98.4 0.01027 -0.00874 31.7 -0.16 -1 1420
-127.0 83.2 0.01783 -0.00749 5.1 -0.67 1 1420
-144.7 309.3 0.01694 0.01209 9.8 -0.32 1 1420
-181.8 298.1 0.00530 -0.00310 7.3 -0.24 1 1420
-391.0 103.7 0.01040 -0.00643 9.5 -0.39 1 1420
-206.1 204.8 0.01639 0.00310 12.8 -0.20 1 1420
-114.6 275.9 0.01787 0.00258 21.6 -0.11 1 1420
83.0 18.7 0.02235 -0.00143 8.0 -0.43 -1 1420
-296.0 113.2 0.00679 -0.00761 7.6 -0.43 1 1420
215.7 86.6 0.01330 0.06705 0.6 -0.98 1 1420
-331.8 188.6 0.01565 0.00279 18.7 -0.13 -1 1420
-135.7 264.8 0.01763 -0.01598 7.6 -0.23 -1 1420
32.8 123.7 0.01522 0.00203 31.3 -0.05 -1 1420
55.8 173.8 0.01633 0.00160 88.5 -0.01 -1 1420
-302.0 -14.2 0.01236 0.00077 11.0 -0.28 -1 1420
262.4 366.4 -0.02614 0.05345 2.3 -0.34 -1 1420
-370.3 380.0 -0.06229 0.00677 1.6 -2.78 -1 1420
-315.3 -115.7 0.02341 0.00625 23.6 -0.04 -1 1420
-151.6 384.3 0.01281 0.00201 17.1 -0.16 1 1420
-190.4 81.7 0.01595 0.00170 14.0 -0.17 -1 1420
-52.4 52.6 0.01468 -0.00465 23.5 -0.11 1 1420
-334.6 -8.1 0.01531 -0.00549 4.3 -1.16 1 1420
-252.9 356.7 0.00398 -0.00624 10.1 -0.25 -1 1420
17.2 130.4 0.01140 -0.00343 38.4 -0.03 1 1420
272.5 40.7 0.03794 -0.00311 2.1 -0.51 1 1420
-184.4 113.3 0.01368 0.00137 142.0 -0.02 -1 1420
-15.4 143.2 0.02371 -0.00498 20.2 -0.21 1 1420
-230.0 207.9 0.01932 0.00977 10.6 -0.42 1 1420
42.6 222.3 -0.05063 -0.02373 1.9 -1.20 -1 1420
-217.1 286.5 0.02042 0.00292 5.5 -0.77 1 1420
-266.1 150.4 0.01309 0.00421 4.7 -1.17 1 1420
-125.0 326.9 0.03582 -0.00223 6.2 -0.44 1 1420
106.1 218.8 0.02501 0.00532 8.9 -0.39 1 1420
-33.5 151.8 0.01236 -0.00461 28.8 -0.09 1 1420
-283.7 241.7 0.01082 0.00285 13.0 -0.22 1 1420
40.8 141.6 0.02277 -0.00291 12.6 -0.33 1 1420
170.7 107.6 0.01743 -0.00374 25.8 -0.10 1 1420
-178.3 173.3 0.01939 0.00756 7.7 -0.39 -1 1420
-78.0 112.5 0.01536 -0.00355 28.9 -0.09 1 1420
-160.3 239.4 0.01788 0.00261 14.9 -0.16 1 1413
213.4 466.2 0.02231 0.00521 45.9 -0.05 -1 1413
-414.2 40.8 0.01270 -0.01729 5.9 -0.61 -1 1413
-71.9 0.6 0.01204 -0.00413 4.8 -1.09 -1 1413
122.3 341.0 0.02859 -0.01659 10.5 -0.10 1 1413
-3.0 301.4 0.01080 0.00127 9.3 -0.28 1 1413
-185.4 320.0 0.00871 0.00157 16.2 -0.19 1 1413
-336.2 20.6 0.02767 -0.02067 4.9 -0.59 -1 1413
57.0 266.3 0.02567 -0.00080 23.8 -0.23 1 1413
-356.4 -46.7 0.00896 0.00941 10.8 -0.26 -1 1413
-311.2 382.0 0.00473 0.02442 5.9 -0.73 1 1413
49.5 122.2 0.02311 0.00230 20.8 -0.20 1 1413
-99.3 -68.9 0.04942 0.03616 0.9 -3.63 -1 1413
31.8 214.8 0.02647 -0.00114 19.3 -0.24 -1 1413
-266.4 250.6 0.01350 0.00296 11.3 -0.28 1 1413
-103.9 66.1 0.01919 0.00442 11.8 -0.26 1 1413
-255.2 -161.4 0.01963 -0.04169 9.6 -0.24 -1 1413
-311.1 370.7 0.02029 -0.02026 4.4 -0.36 1 1413
-382.5 283.3 0.01305 0.00364 29.9 -0.09 1 1413
-230.6 172.8 0.01024 -0.00354 5.8 -0.70 1 1413
-136.2 163.4 0.01721 0.00199 6.4 -0.69 -1 1413
-36.3 32.6 0.00952 -0.00789 19.8 -0.11 1 1413
-30.3 -37.3 0.01448 -0.00437 10.8 -0.30 1 1413
32.9 300.5 -0.01368 0.03111 2.8 -1.57 -1 1413
-209.8 -24.6 0.01117 -0.00622 13.6 -0.22 1 1413
208.9 138.0 0.02215 0.00920 15.0 -0.27 -1 1413
134.8 145.3 0.01649 0.00217 12.9 -0.18 -1 1413
-107.5 -109.3 0.01755 -0.00553 7.9 -0.44 1 1413
-145.9 298.1 0.01317 0.00335 10.3 -0.32 1 1413
-147.5 248.3 0.00937 -0.00491 8.8 -0.30 1 1413
-153.1 108.6 0.01253 -0.00146 11.4 -0.24 -1 1413
-365.6 40.5 0.01655 -0.00362 12.9 -0.26 1 1413
192.3 9.1 0.02040 -0.01339 11.1 -0.26 1 1413
204.6 282.6 0.02411 0.01240 10.1 -0.32 -1 1413
-376.3 102.5 0.00691 -0.00172 5.2 -0.74 -1 1413
-64.1 269.7 0.01484 0.00285 121.3 -0.04 1 1413
-179.2 -33.6 0.00507 -0.00114 6.7 -0.49 -1 1413
215.9 101.4 0.02605 -0.01192 7.6 -0.40 -1 1413
250.3 12.7 0.05421 0.03451 3.6 -0.32 1 1413
-82.1 189.7 0.02112 -0.00142 12.6 -0.26 1 1413
-312.0 -78.3 0.00363 0.01654 8.3 -0.37 1 1413
-409.5 -45.7 0.00361 -0.01694 7.7 -0.48 1 1413
-60.0 192.3 0.01346 -0.00237 14.0 -0.21 -1 1413
-355.3 258.6 0.01335 0.00304 19.9 -0.13 -1 1413
-331.1 -67.6 0.01125 -0.00453 5.9 -0.86 -1 1413
-176.1 195.8 0.01277 0.00146 2.9 -3.01 -1 1413
-315.2 199.8 0.00808 -0.00871 16.8 -0.18 -1 1413
-394.4 46.1 0.01595 -0.00487 13.9 -0.23 1 1413
-230.1 319.9 0.01180 0.00045 3.6 -1.72 1 1413
-398.3 133.1 0.01014 -0.00011 40.2 -0.12 -1 1413
-316.3 270.7 0.01123 -0.00004 14.1 -0.24 1 1413
18.7 370.6 0.01655 0.00410 8.1 -0.44 1 1413
146.4 -22.6 0.01882 -0.00895 42.5 -0.13 -1 1413
213.7 -111.9 0.01682 -0.00182 167.8 0.00 -1 1332
69.0 373.4 0.01658 0.00414 159.7 -0.03 -1 1332
-448.3 95.7 0.01259 0.00240 60.3 -0.06 -1 1332
-85.0 404.0 0.02209 0.00650 34.1 -0.10 -1 1332
72.5 16.8 0.01812 0.00302 48.0 -0.04 1 1332
-0.7 315.6 0.01384 0.00483 19.9 -0.11 -1 1332
178.9 -127.0 0.07072 -0.02634 2.8 -0.45 1 1332
-169.7 62.6 0.01312 0.00075 195.0 -0.02 -1 1332
161.8 219.9 0.01490 0.00155 57.7 -0.01 -1 1332
-27.5 229.7 0.01506 0.00276 167.5 -0.02 -1 1332
178.0 7.3 0.01895 0.00249 66.6 -0.03 1 1332
1.9 -131.6 0.00739 0.02044 6.5 -0.04 -1 1332
290.7 142.4 0.01248 -0.00009 79.9 -0.02 -1 1332
-149.0 161.7 0.01423 0.00175 149.2 -0.02 -1 1332
-57.0 158.6 0.01529 0.00136 126.9 -0.02 1 1332
-289.2 39.5 0.01278 0.00041 139.6 -0.03 -1 1332
-376.2 374.0 0.00723 -0.00004 28.9 -0.18 1 1332
-453.3 88.5 0.01414 0.00197 43.1 -0.06 1 1332
191.2 201.5 0.01664 -0.00304 84.0 -0.02 -1 1332
-403.0 -204.0 0.02029 0.00420 9.2 -0.10 -1 1332
-90.2 -9.3 0.02180 0.00199 57.9 -0.12 -1 1332
-319.9 98.7 0.01364 0.00192 10.0 -0.27 -1 1332
-280.8 48.6 0.01320 -0.00316 11.2 -0.34 -1 1332
-419.0 -49.3 0.01133 -0.00370 114.7 -0.05 -1 1332
-217.2 193.7 0.02416 0.00596 3.9 -0.88 1 1332
189.1 13.4 0.01707 0.00090 198.1 0.00 -1 1332
276.4 -41.5 0.01862 0.00452 47.6 -0.02 -1 1332
-230.6 -110.3 0.01452 -0.00811 31.3 -0.16 1 1332
9.6 295.7 0.01228 0.00369 13.7 -0.18 1 1332
59.0 162.0 0.01634 0.00159 164.3 -0.01 -1 1332
-30.9 181.4 0.01599 0.00188 166.6 -0.02 1 1332
102.2 381.0 0.01702 0.00494 146.6 -0.04 1 1332
-164.8 357.7 0.00485 -0.00995 10.8 -0.07 -1 1332
187.4 119.8 0.01816 0.00206 164.2 -0.01 -1 1332
-310.9 -110.5 0.01332 -0.00065 110.6 -0.04 -1 1332
72.6 131.5 0.01637 0.00135 169.8 -0.01 -1 1332
-81.0 -0.8 0.01499 -0.00004 186.8 -0.01 -1 1332
-149.0 124.2 0.01361 0.00155 186.0 -0.02 -1 1332
-288.3 304.9 0.01591 0.00488 18.1 -0.15 1 1332
221.1 85.0 0.02033 0.00121 78.3 -0.02 1 1332
-253.3 -95.4 0.01340 -0.00138 184.6 -0.04 1 1332
-141.8 309.6 -0.10511 0.01910 1.7 -1.70 -1 1332
-363.6 98.7 0.01250 0.00089 170.0 -0.04 -1 1332
241.2 179.3 0.02056 0.00218 159.4 -0.01 -1 1332
-122.8 343.6 0.01466 0.00303 106.8 -0.03 1 1332
-275.0 -115.9 0.04478 -0.01529 12.7 -0.18 1 1332
-42.6 -53.2 0.01538 -0.00039 152.8 -0.01 -1 1332
-49.0 171.7 0.01481 0.00264 193.2 -0.01 -1 1332
-80.8 -116.9 0.01644 -0.00028 131.1 -0.01 -1 1332
-86.3 214.5 0.01443 0.00283 199.7 -0.02 -1 1332
67.2 346.5 0.01634 0.00330 84.2 -0.03 1 1332
174.3 130.4 0.01666 0.00235 169.6 0.00 -1 1332
-56.1 428.2 0.01958 0.00845 118.5 -0.04 -1 1332
-515.7 318.6 0.00645 0.01106 48.6 -0.11 1 1332
-400.9 48.8 0.01216 0.00049 149.9 -0.05 1 1332
-342.7 -66.1 0.01271 -0.00062 197.2 -0.04 -1 1332
-413.0 13.5 0.01185 -0.00003 152.7 -0.05 -1 1332
26.0 69.6 0.01575 0.00196 172.8 -0.01 1 1332
187.3 320.4 0.01768 0.00335 203.7 -0.02 -1 1332
-160.1 189.2 0.01427 0.00164 133.6 -0.02 -1 1332
-102.3 58.5 0.01466 0.00071 107.4 -0.02 -1 1332
-107.6 99.6 0.01406 0.00117 197.9 -0.01 -1 1332
3.8 -75.3 0.01210 -0.00396 9.9 -0.13 -1 1332
136.4 239.7 0.01525 0.00221 136.7 -0.01 -1 1332
-50.1 142.4 0.01537 0.00131 92.0 -0.02 1 1332
51.2 145.7 0.01548 0.00344 39.8 -0.04 -1 1332
317.4 -109.1 0.01967 -0.00296 92.8 -0.03 1 1332
231.2 -125.3 0.01363 -0.00338 118.1 -0.01 -1 1332
-193.1 -3.8 0.01305 0.00006 177.8 -0.02 -1 1332
250.7 325.1 0.02105 0.00543 108.9 -0.03 -1 1332
-251.9 184.6 0.01397 0.00853 17.1 -0.11 -1 1332
28.9 35.5 0.01491 0.00134 11.4 -0.22 -1 1332
-31.2 78.6 0.01515 0.00104 165.2 -0.01 -1 1332
-168.6 224.1 0.01333 0.00282 182.2 -0.03 -1 1332
208.3 215.8 0.01915 0.00029 91.8 -0.01 -1 1332
331.3 375.1 0.04011 0.01218 7.1 -0.17 -1 1332
-93.1 306.4 0.01418 0.00418 151.1 -0.03 -1 1332
-115.3 292.9 0.01457 0.00284 148.6 -0.03 -1 1332
246.8 87.0 0.01565 0.00226 129.7 -0.01 -1 1332
-46.7 245.9 0.01532 0.00249 165.2 -0.02 1 1332
-137.7 124.7 0.01427 0.00112 54.6 -0.04 1 1332
205.2 -35.0 0.01831 0.00008 162.7 0.00 -1 1332
-137.3 66.5 0.01429 0.00075 199.6 -0.01 -1 1332
-149.8 43.4 0.02409 0.00914 1.9 -1.13 -1 1332
-110.3 177.0 0.01381 0.00273 171.5 -0.02 -1 1332
169.7 291.1 0.01775 0.00373 144.6 -0.02 -1 1332
192.3 83.3 0.01654 -0.00270 117.1 -0.01 -1 1332
-297.6 364.8 0.01302 0.00340 143.8 -0.05 -1 1332
56.7 102.8 0.01611 0.00162 164.9 0.00 -1 1332
-245.0 -24.8 0.01314 -0.00030 220.5 -0.03 -1 1332
73.2 427.0 0.02192 0.00460 61.1 -0.04 1 1332
-182.3 104.0 0.01384 0.00105 175.3 -0.02 -1 1332
-164.8 -127.0 0.01253 0.00133 124.0 -0.02 -1 1332
-299.5 -33.5 0.01225 0.00618 65.9 -0.05 -1 1332
-56.9 296.2 0.01529 0.00300 151.4 -0.02 1 1332
-260.9 17.5 0.01238 0.00021 179.8 -0.03 -1 1332
-21.7 66.8 0.01541 0.00105 193.7 -0.01 -1 1332
92.5 329.4 0.01677 0.00417 180.1 -0.03 -1 1332
200.1 119.1 0.01836 0.00190 142.8 -0.01 -1 1332
-96.1 -27.3 0.01474 -0.00015 145.7 -0.01 -1 1332
-133.4 356.6 0.00831 0.00880 44.2 -0.09 1 1332
211.9 73.1 0.01784 -0.00039 152.5 0.00 -1 1332
-221.6 99.4 0.01240 -0.00592 49.7 -0.09 1 1332
66.9 17.6 0.01319 -0.00393 52.3 -0.02 -1 1332
-201.5 -98.9 0.01350 -0.00076 190.1 -0.03 1 1332
110.8 -249.9 0.02793 -0.02304 17.0 -0.05 1 1332
121.3 260.2 0.01731 0.00382 189.2 -0.02 -1 1332
-405.1 -38.9 0.01177 -0.00050 124.1 -0.05 -1 1332
-321.6 182.0 0.00983 0.00006 16.2 -0.23 1 1332
-67.7 110.3 0.00824 0.00722 50.4 -0.05 -1 1332
263.6 -6.2 0.02320 0.00030 100.9 -0.01 -1 1332
-165.0 175.7 0.00477 0.00268 27.6 -0.06 -1 1332
143.4 -126.9 0.01435 -0.00499 123.8 -0.01 -1 1332
-284.5 308.5 0.01299 0.00296 74.6 -0.05 1 1332
-269.5 175.8 0.01326 0.00169 178.6 -0.03 1 1332
2.8 120.1 0.01344 0.00172 52.8 -0.08 1 1332
103.3 128.9 0.01664 0.00128 75.0 -0.01 -1 1332
-109.0 31.5 0.01423 0.00045 219.2 -0.01 -1 1332
60.1 254.4 0.01659 0.00362 162.2 -0.02 -1 1332
-30.9 -114.5 0.01540 -0.00144 160.4 -0.01 -1 1332
-169.1 -97.1 0.01271 -0.00145 101.1 -0.02 -1 1332
587.0 -66.1 0.08914 -0.03430 1.7 -0.57 1 1332
-138.8 276.3 0.01439 0.00274 191.6 -0.03 -1 1332
-88.7 -19.8 0.01314 -0.00089 143.2 -0.01 -1 1332
365.4 -43.9 0.02641 -0.00620 61.4 -0.04 -1 1332
13.5 355.7 0.04170 -0.00975 12.1 -0.37 1 1332
-20.8 296.7 0.01552 0.00305 167.2 -0.02 -1 1332
120.5 297.1 0.01681 0.00262 99.9 -0.02 -1 1332
80.7 192.4 0.01273 0.00335 105.8 -0.01 -1 1332
359.5 192.4 0.02290 0.00665 27.6 -0.04 1 1332
-145.9 325.3 0.00857 -0.01033 34.0 -0.06 -1 1332
-269.1 378.9 0.00733 0.00455 9.1 -0.40 1 1332
-272.5 306.2 0.01324 0.00299 140.1 -0.04 -1 1332
251.5 64.9 0.01728 -0.00052 137.6 -0.01 -1 1332
-223.1 -104.9 0.01235 -0.00165 143.4 -0.03 -1 1332
-426.7 -80.7 0.00906 -0.00890 42.5 -0.07 -1 1332
133.2 -111.2 0.01489 -0.00117 127.7 0.00 -1 1332
-367.1 385.3 0.01343 0.00482 30.1 -0.11 1 1332
-211.6 100.8 0.01372 0.00085 119.7 -0.02 -1 1332
187.8 -101.9 0.01634 -0.00312 154.9 0.00 1 1332
-38.2 109.4 0.01499 0.00132 198.6 -0.01 -1 1332
62.3 183.9 0.01631 0.00233 166.8 -0.01 -1 1332
84.6 483.7 0.02096 0.02099 56.5 -0.08 1 1332
311.6 -77.3 0.01892 -0.00420 70.9 -0.02 -1 1332
113.6 -49.0 0.01673 -0.00048 158.1 0.00 -1 1332
90.6 248.4 0.01658 0.00257 174.0 -0.01 -1 1332
585.8 162.3 0.04348 0.02464 6.2 -0.17 -1 1332
-483.5 122.8 0.00500 0.00195 57.3 -0.09 -1 1332
251.1 276.6 0.01874 0.00254 136.8 -0.02 -1 1332
203.8 79.7 0.01743 -0.00133 77.1 -0.01 1 1332
157.3 122.8 0.01797 0.00187 184.8 -0.01 -1 1332
55.3 107.0 0.01361 -0.00945 10.8 -0.18 1 1332
-179.9 123.1 0.01355 0.00121 142.0 -0.03 1 1332
-466.1 -16.2 0.00855 0.00010 59.1 -0.06 1 1332
-330.1 223.9 0.00728 -0.00335 35.8 -0.16 1 1332
-57.0 204.1 0.01513 0.00204 170.7 -0.02 -1 1332
-349.5 20.7 0.01164 0.00242 144.6 -0.05 -1 1332
78.0 366.2 0.01641 0.00377 141.6 -0.03 1 1332
-134.8 -96.7 0.01431 -0.00108 172.3 -0.02 -1 1332
-269.2 273.8 0.02594 0.01031 7.3 -0.43 -1 1332
27.0 237.2 0.01243 0.00235 25.7 -0.06 1 1332
-252.9 9.9 0.01353 0.00007 132.6 -0.03 1 1332
-159.1 47.0 0.00758 0.00008 51.2 -0.04 -1 1332
191.3 290.6 0.01761 0.00276 141.4 -0.02 -1 1332
199.7 -16.9 0.01830 -0.00005 108.2 -0.01 1 1332
-214.3 317.9 0.01436 0.00339 4.1 -1.52 -1 1332
133.6 268.3 0.01749 0.00361 195.9 -0.02 -1 1332
128.6 9.7 0.01471 -0.00030 157.0 0.00 -1 1332
213.8 224.1 0.01932 0.00238 162.5 -0.01 -1 1332
132.0 94.4 0.01758 0.00116 182.4 -0.01 -1 1332
-37.0 413.1 0.01242 0.00809 54.8 -0.05 1 1332
54.8 281.1 0.01529 0.00341 5.2 -0.89 1 1332
-54.7 161.1 0.01524 0.00167 196.1 -0.01 -1 1332
-388.9 98.4 0.01155 0.00107 107.8 -0.05 -1 1332
-72.5 3.5 0.01455 0.00004 201.6 -0.01 -1 1332
317.2 429.9 0.02836 0.00546 27.4 -0.06 -1 1332
-63.4 325.7 0.01140 -0.00049 19.3 -0.11 1 1332
-3.0 395.8 0.01380 -0.00083 77.5 -0.03 -1 1332
73.0 260.9 0.13301 -0.06759 0.6 -4.46 1 1332
191.4 325.1 0.01604 0.01021 37.8 -0.07 -1 1332
-181.9 316.0 0.01413 0.00285 152.1 -0.03 -1 1332
248.5 236.5 0.01997 -0.00011 113.4 -0.02 -1 1332
86.7 -85.1 0.01942 0.00085 70.4 -0.03 -1 1332
299.4 143.7 0.01605 0.00704 92.0 -0.02 -1 1332
110.1 -135.1 0.01456 -0.00419 43.6 -0.01 -1 1332
-116.9 248.5 0.01444 0.00294 185.4 -0.02 -1 1332
-68.9 -49.9 0.01456 -0.00080 188.8 -0.01 -1 1332
322.7 -62.7 0.01615 -0.00514 50.6 -0.01 -1 1332
-85.2 -113.9 0.01454 -0.00297 187.6 -0.01 -1 1332
-291.5 387.5 0.01495 0.00540 34.1 -0.11 1 1332
-334.7 232.6 0.01220 0.00256 128.7 -0.05 -1 1332
-393.8 136.3 0.05281 -0.03616 4.4 -0.19 1 1332
122.7 302.7 0.01706 0.00299 168.5 -0.02 1 1332
-45.6 107.1 0.01501 0.00122 204.1 -0.01 -1 1332
236.8 146.6 0.02057 0.00066 121.9 -0.01 -1 1332
4.3 402.5 0.01419 0.00444 112.4 -0.04 1 1332
285.3 301.8 0.02027 0.00389 119.8 -0.03 -1 1332
101.2 408.1 0.01285 0.00632 67.5 -0.03 -1 1332
50.4 164.5 0.02581 -0.00622 25.5 -0.20 -1 1332
28.9 -35.2 0.01767 0.00082 125.2 -0.01 -1 1332
-225.6 -168.2 0.01071 -0.00106 51.1 -0.04 -1 1332
-41.6 11.8 0.01893 0.01566 8.4 -0.29 1 1332
-306.8 5.5 0.01286 0.00002 171.7 -0.03 -1 1332
139.1 253.5 0.01708 0.00245 145.1 -0.01 -1 1332
-364.2 60.9 0.01245 0.00048 139.9 -0.04 -1 1332
-22.2 454.5 0.00655 -0.00321 8.1 -0.07 -1 1332
-295.8 -38.3 0.01189 -0.00050 220.5 -0.03 -1 1332
-212.3 184.4 0.01377 0.00187 76.4 -0.04 1 1332
396.7 344.9 0.02283 -0.00053 62.1 -0.06 1 1332
157.3 86.8 0.01914 0.00617 36.5 -0.05 -1 1332
159.1 82.9 0.01709 0.00073 169.0 0.00 -1 1332
-409.6 -20.9 0.01211 -0.00018 119.1 -0.05 -1 1332
468.7 -175.8 0.01799 0.00631 38.0 -0.07 -1 1332
-87.7 183.5 0.01325 0.00059 34.4 -0.07 1 1332
-41.4 193.7 0.01477 0.00177 188.1 -0.02 1 1332
-95.2 29.6 0.01456 0.00044 160.4 -0.01 -1 1332
51.8 257.8 0.01628 0.00320 202.4 -0.02 -1 1332
-308.5 -10.4 0.01219 -0.00034 170.5 -0.05 1 1332
-121.3 296.7 0.02109 0.01202 24.9 -0.17 -1 1332
-339.4 408.8 0.01094 0.00138 130.4 -0.07 -1 1332
107.1 347.2 0.01682 0.00400 178.8 -0.02 -1 1332
-206.2 395.6 0.01474 -0.00068 59.2 -0.06 1 1332
-0.3 -29.4 0.01551 -0.00036 161.1 0.00 -1 1332
307.7 26.3 0.01903 0.00319 98.5 -0.01 -1 1332
-305.4 -43.4 0.01015 -0.01091 24.6 -0.26 1 1332
-277.0 230.0 0.02926 -0.00503 11.0 -0.21 -1 1332
11.7 299.3 0.01577 0.00407 130.2 -0.02 -1 1332
-307.6 -51.5 -0.00106 0.00776 33.6 -0.07 1 1332
-103.3 -55.3 0.01451 -0.00020 106.6 -0.01 -1 1332
29.7 -127.0 0.01689 -0.00664 51.7 -0.01 -1 1332
201.0 -127.2 0.01661 0.00156 91.9 -0.01 -1 1332
68.8 313.5 0.02056 -0.00028 6.1 -0.72 1 1332
154.0 115.8 0.01706 0.00107 154.3 0.00 -1 1332
-257.1 -84.9 0.01285 0.00112 75.2 -0.03 1 1332
-269.8 441.6 0.01208 0.00929 53.6 -0.07 1 1332
-65.8 299.7 0.01463 0.00389 199.7 -0.03 -1 1332
387.9 -89.4 0.02628 0.00149 37.1 -0.03 -1 1332
-153.5 155.8 0.01112 -0.00096 21.1 -0.14 1 1332
-447.3 126.9 0.03028 0.00115 18.3 -0.09 1 1332
-112.1 -70.8 -0.05500 0.00004 2.0 -1.34 1 1332
-33.5 111.3 0.01726 0.00310 60.6 -0.05 -1 1332
10.0 166.1 0.01595 0.00172 122.7 -0.01 1 1332
-92.8 -182.5 0.01950 0.02543 4.6 -0.08 -1 1332
-404.0 58.6 0.01215 0.00052 164.7 -0.05 1 1332
-94.3 97.2 0.01328 -0.00272 9.1 -0.43 -1 1332
-278.1 -21.1 0.01328 -0.00021 78.6 -0.03 1 1332
-509.5 281.8 0.01709 -0.00344 7.0 -0.10 -1 1332
-173.3 -47.7 0.01403 0.00363 58.6 -0.03 -1 1332
-326.3 160.1 0.01231 0.00173 130.8 -0.04 -1 1332
368.3 214.9 0.02452 0.00689 64.4 -0.04 -1 1332
-100.2 273.9 0.01477 0.00278 103.3 -0.02 -1 1332
-189.5 60.0 0.01258 0.00064 175.9 -0.02 -1 1332
-7.0 382.2 0.01562 0.00384 166.1 -0.03 -1 1332
186.0 -10.7 0.01733 -0.00009 158.3 0.00 -1 1332
-261.4 227.2 0.01147 0.00108 9.9 -0.29 1 1332
-358.1 312.1 0.01741 0.00361 74.9 -0.08 -1 1332
-366.3 101.8 0.02285 -0.01694 18.2 -0.14 1 1332
144.9 381.2 0.00880 -0.00422 57.5 -0.03 -1 1332
108.6 29.2 0.01405 0.00827 46.9 -0.03 -1 1332
279.7 238.0 0.01524 0.00058 119.8 -0.02 -1 1332
-329.4 278.0 0.01270 0.00257 87.0 -0.07 1 1332
-150.2 -99.3 0.01354 -0.00120 168.4 -0.02 -1 1332
-328.7 366.2 0.00615 0.00371 42.8 -0.12 -1 1332
-393.3 -1.1 0.01183 -0.00041 163.3 -0.06 1 1332
345.6 24.5 0.01544 -0.00026 32.5 -0.04 -1 1332
129.7 -56.5 0.01654 0.00131 23.0 -0.06 1 1332
44.1 144.2 0.01609 0.00139 176.0 -0.01 -1 1332
-350.4 6.4 0.00091 0.00400 37.3 -0.12 -1 1332
108.0 389.9 0.01694 0.00358 54.1 -0.03 1 1332
-34.2 446.5 0.01306 0.00566 86.5 -0.04 1 1332
139.8 -100.8 0.02714 -0.00027 15.7 -0.30 1 1332
-44.5 187.2 0.01534 0.00189 103.6 -0.01 -1 1332
-16.3 142.9 0.01566 0.00123 150.1 -0.01 -1 1332
-163.3 81.1 0.02625 -0.00146 51.5 -0.13 1 1332
-400.3 -22.6 0.00798 -0.00754 23.4 -0.18 -1 1332
118.4 454.5 0.02570 0.00423 43.5 -0.05 -1 1332
160.2 84.8 0.01752 -0.00592 19.0 -0.13 1 1332
-86.1 314.2 0.01499 0.00304 114.7 -0.03 1 1332
178.4 225.7 0.01749 0.00224 177.1 -0.01 -1 1332
85.2 58.6 0.01467 0.00043 48.3 -0.04 1 1332
172.0 133.1 0.01720 0.00121 152.3 0.00 -1 1332
-513.4 107.2 -0.01297 0.01957 20.1 -0.11 -1 1332
-120.4 463.3 0.01578 0.00610 64.2 -0.06 1 1332
-91.0 69.7 0.01444 0.00089 213.7 -0.01 -1 1332
-486.0 -93.6 0.01529 -0.00407 39.3 -0.07 -1 1332
-346.8 -46.4 0.01219 -0.00009 171.9 -0.05 1 1332
-348.0 -56.1 0.01296 -0.00773 27.4 -0.16 1 1332
238.9 -91.7 0.01998 0.00672 54.2 -0.02 -1 1332
122.5 113.8 0.02498 0.00249 3.9 -1.65 1 1332
-303.3 227.7 0.01278 0.00240 103.5 -0.05 -1 1332
253.1 -43.9 0.01974 -0.00045 113.6 -0.01 -1 1332
139.3 -77.0 -0.00184 0.01034 23.6 -0.05 -1 1332
-312.8 79.5 0.01279 0.00077 151.1 -0.04 -1 1332
-80.7 10.3 0.01331 -0.00114 28.2 -0.08 1 1332
-357.1 -14.5 0.01254 -0.00020 165.9 -0.04 1 1332
-315.6 60.6 0.01166 0.00081 182.9 -0.04 -1 1332
239.4 199.1 0.01800 0.00591 98.2 -0.01 -1 1332
-16.9 -91.0 0.00893 -0.01805 14.1 -0.24 -1 1332
-161.5 197.2 0.01042 0.00006 20.7 -0.12 1 1332
111.8 156.4 0.01726 0.00204 185.7 -0.01 -1 1332
-1.6 103.2 0.02599 -0.00653 6.1 -0.48 1 1332
-213.0 307.1 0.01378 0.00272 94.8 -0.04 -1 1332
163.3 4.3 0.01716 0.00000 132.6 0.00 -1 1332
-189.1 260.1 0.01409 0.00226 121.2 -0.03 -1 1332
264.8 -56.5 0.01605 0.00485 79.1 -0.02 -1 1332
202.1 -36.7 0.01898 -0.00820 22.4 -0.14 1 1332
-351.8 385.1 0.01261 0.00339 174.3 -0.06 -1 1332
107.3 271.0 0.01690 0.00352 204.8 -0.02 -1 1332
-159.4 -63.9 0.01340 -0.00063 178.2 -0.02 -1 1332
172.7 337.2 0.01747 0.00334 166.5 -0.02 -1 1332
316.1 188.6 0.02349 0.00079 62.5 -0.02 -1 1332
44.5 66.2 0.01551 0.00242 129.6 -0.01 -1 1332
-361.2 186.7 0.01196 0.00144 158.9 -0.06 1 1332
160.1 194.5 0.01717 0.00169 136.7 -0.01 -1 1332
-389.8 -22.8 0.00920 0.00364 68.4 -0.06 -1 1332
-135.6 371.9 0.01455 0.00343 130.6 -0.04 -1 1332
308.8 35.2 0.02818 0.00252 74.4 -0.02 -1 1332
-17.4 50.1 0.04768 -0.00566 3.4 -0.58 -1 1332
-288.2 63.9 0.00660 -0.00670 12.0 -0.22 1 1332
-93.8 -220.4 0.02992 -0.01655 32.7 -0.05 -1 1332
133.6 267.6 0.01695 0.00254 123.1 -0.01 -1 1332
-41.0 76.2 0.02167 -0.00983 7.3 -0.45 1 1332
-149.7 24.5 0.01339 0.00040 200.6 -0.01 -1 1332
54.8 346.0 0.01624 0.00308 111.3 -0.02 -1 1332
-157.6 -94.5 0.01800 0.00919 21.0 -0.17 1 1332
-87.1 174.7 0.01485 0.00170 187.4 -0.01 -1 1332
-24.2 211.4 0.01527 0.00294 163.7 -0.02 -1 1332
-331.8 219.3 0.01270 0.00203 145.3 -0.04 1 1332
-170.5 -128.9 0.01534 -0.00190 93.5 -0.02 -1 1332
-275.1 181.8 0.01597 0.00434 31.1 -0.11 1 1332
-9.1 322.1 0.01563 0.00317 195.9 -0.02 -1 1332
-90.0 296.1 0.01521 0.00303 142.8 -0.03 1 1332
-187.0 208.9 0.00898 -0.00243 10.6 -0.20 -1 1332
180.7 358.2 0.01768 0.00384 136.3 -0.03 1 1332
-38.9 -2.6 0.01859 0.00125 21.0 -0.11 1 1332
222.6 135.0 0.01843 -0.00826 10.4 -0.20 1 1332
92.5 63.1 0.01506 0.02159 3.7 -0.57 1 1332
-290.7 259.5 0.01161 0.00340 185.0 -0.05 -1 1332
-262.5 189.3 0.00954 0.00082 8.6 -0.40 -1 1276
-254.8 256.9 0.01334 -0.00356 12.5 -0.24 -1 1276
-395.6 134.0 0.02298 -0.00981 9.0 -0.34 1 1276
-185.2 121.5 0.02125 -0.01542 2.4 -2.03 1 1276
-312.2 61.4 0.01085 -0.00287 4.4 -1.19 -1 1276
-145.8 -61.5 0.01265 0.02231 1.4 -2.52 -1 1276
-233.4 12.0 0.01371 0.00009 97.7 -0.02 -1 1276
-338.8 325.9 0.00077 0.01704 3.1 -1.24 -1 1276
-364.2 -59.3 0.01662 0.00669 6.6 -0.47 -1 1276
6.2 292.2 0.03429 0.00182 4.5 -0.73 -1 1276
-249.3 339.2 0.00993 0.00333 10.7 -0.30 -1 1276
-414.3 96.4 0.00881 -0.00483 13.2 -0.25 -1 1276
-395.8 177.9 0.00875 0.00322 3.4 -1.99 -1 1276
43.6 117.7 0.01489 -0.00454 11.3 -0.24 1 1276
19.3 404.5 0.01882 -0.00082 77.8 -0.03 -1 1276
-111.6 142.1 0.01815 0.00812 3.1 -1.84 -1 1276
26.8 338.5 0.02384 -0.03103 2.6 -1.25 -1 1276
-130.2 259.8 0.01452 0.00228 95.5 -0.03 -1 1276
40.3 103.0 0.01474 0.00244 5.5 -0.71 -1 1276
-156.0 91.0 0.00994 0.00239 14.5 -0.15 -1 1276
169.2 106.0 0.02391 -0.00093 5.6 -0.87 1 1276
-17.3 410.0 0.03661 0.01824 9.0 -0.17 1 1276
-338.7 63.9 0.00783 -0.00498 8.3 -0.47 1 1276
-138.5 308.9 0.01216 -0.00139 2.9 -2.09 1 1276
97.3 252.2 0.02404 0.00043 3.0 -2.04 1 1276
-159.1 188.3 0.01767 -0.00386 10.4 -0.29 -1 1276
191.3 1.0 0.02143 -0.00616 5.2 -0.89 -1 1276
218.8 15.8 -0.09988 -0.21392 0.4 -3.20 -1 1276
156.8 362.2 -0.03132 -0.01162 2.3 -0.76 -1 1276
-332.9 -45.4 0.00622 -0.00908 8.4 -0.44 -1 1276
-373.2 229.3 0.01243 0.00209 90.8 -0.05 -1 1276
-310.7 224.2 0.00891 0.00336 22.9 -0.15 1 1276
38.6 295.8 0.02550 0.00365 8.5 -0.44 -1 1276
129.1 183.8 0.01859 -0.00331 7.8 -0.43 -1 1276
-282.2 362.3 0.00298 -0.00111 17.0 -0.20 1 1276
-357.6 95.5 0.00816 -0.00109 26.5 -0.15 1 1276
120.3 223.4 0.01868 -0.00270 11.4 -0.24 1 1276
-215.1 317.4 0.01029 0.00299 20.0 -0.14 -1 1276
-62.4 382.6 -0.05697 0.03818 1.0 -4.37 1 1276
-381.3 104.1 0.02093 -0.01340 5.2 -0.85 1 1276
-254.3 -106.3 0.01331 -0.00055 90.4 -0.03 -1 1276
29.7 33.7 0.01488 -0.00559 12.3 -0.22 -1 1276
-40.8 -39.1 0.01090 0.01964 2.7 -1.59 1 1276
-106.7 -50.5 0.01805 0.00072 15.6 -0.15 1 1276
-151.5 301.0 0.01022 -0.00039 9.9 -0.30 -1 1276
107.3 -2.0 0.01579 -0.00423 3.5 -1.86 1 1276
95.4 380.1 0.01568 0.00447 11.6 -0.24 1 1276
-231.7 107.0 0.00389 0.00743 5.2 -0.62 1 1276
-82.7 47.9 0.01150 0.00331 5.5 -0.54 -1 1276
186.9 -40.1 0.02064 -0.00561 3.7 -1.42 1 1276
16.1 -74.3 0.01082 0.00873 7.5 -0.40 -1 1276
245.1 57.9 0.02097 0.00106 76.9 -0.01 -1 1276
-327.3 152.8 0.01370 -0.00456 22.6 -0.12 -1 1276
-399.2 177.5 0.01763 0.00090 1.9 -2.22 -1 1276
-21.2 78.8 0.01249 0.00088 8.7 -0.35 1 1276
-130.3 350.3 0.00709 0.05548 1.0 -7.91 -1 1276
-368.9 193.6 0.00841 0.00006 7.1 -0.58 1 1276
168.7 2.5 0.04683 0.01819 3.9 -0.70 1 1276
146.6 86.7 0.02833 -0.00284 11.7 -0.37 -1 1276
-150.2 266.6 0.03967 -0.02657 7.2 -0.34 1 1276
-276.9 40.1 0.00802 -0.00410 6.4 -0.60 -1 1276
-276.5 9.7 0.00919 -0.00280 15.1 -0.20 1 1276
-218.4 -88.6 0.00324 -0.00182 5.6 -0.42 1 1276
-314.0 365.1 0.00776 -0.00078 8.8 -0.34 -1 1276
91.5 -70.2 0.01903 -0.00657 14.0 -0.22 1 1276
292.3 -7.4 -0.00341 -0.01081 9.7 -0.03 -1 1276
135.3 -99.3 0.01688 -0.00090 117.6 0.00 -1 1276
93.2 -11.8 0.02509 -0.00049 5.1 -0.91 1 1276
88.3 309.6 0.02680 0.02571 3.5 -1.46 -1 1276
-106.7 234.5 0.08660 -0.04442 1.1 -2.38 -1 1276
35.6 167.2 -0.16371 -0.03778 0.4 -4.17 1 1276
-223.3 135.0 0.01491 -0.00475 5.1 -0.93 1 1276
-186.9 140.1 0.00983 -0.00270 5.0 -0.96 -1 1276
-100.6 257.3 0.01354 -0.00194 19.5 -0.11 -1 1276
-348.1 225.0 0.02510 -0.00287 17.5 -0.13 -1 1276
-377.7 111.6 0.01042 0.00063 11.7 -0.26 -1 1276
-296.5 61.3 0.01023 -0.00513 13.2 -0.23 1 1276
-66.2 282.3 0.01742 -0.00536 7.8 -0.48 1 1276
46.0 296.5 0.00088 -0.01410 3.4 -1.76 -1 1276
-4.4 271.6 0.01441 0.00384 10.2 -0.26 -1 1276
-310.6 263.4 0.01120 0.00252 10.8 -0.29 1 1276
-321.1 -2.5 0.02246 0.00446 4.5 -0.73 1 1276
-193.6 -81.4 0.01122 -0.00829 20.1 -0.17 1 1276
-39.5 14.2 0.01683 -0.00403 7.5 -0.49 -1 1276
-379.1 -37.2 -0.00793 0.01815 5.4 -0.34 1 1276
-231.0 -44.8 0.01006 -0.00197 11.1 -0.27 -1 1276
120.4 -3.8 0.02091 0.00000 7.7 -0.29 1 1276
-304.0 198.0 0.01130 0.00208 2.9 -2.51 1 1276
-302.2 -94.6 0.01536 -0.00637 4.6 -1.07 1 1276
-395.9 -90.1 0.01233 -0.00559 11.6 -0.32 -1 1276
-151.5 -10.2 -0.05680 0.02283 2.4 -1.27 -1 1276
55.9 206.4 -0.04985 0.05865 1.5 -1.54 -1 1276
92.5 9.9 0.01606 -0.00590 6.5 -0.52 -1 1276
-303.9 332.7 0.00228 -0.01825 6.0 -0.56 -1 1276
21.2 261.8 0.01513 0.00319 7.3 -0.49 -1 1276
-92.1 378.2 0.00867 0.00630 16.7 -0.15 -1 1276
-134.7 -54.3 0.01133 -0.00497 8.8 -0.44 1 1237
-90.8 197.1 0.01400 -0.00188 3.0 -2.54 -1 1237
122.1 -49.0 0.01876 0.00469 2.8 -1.62 1 1237
-282.1 -28.9 0.00861 -0.00204 2.6 -2.86 -1 1237
-412.0 261.8 0.01177 0.00256 87.6 -0.06 1 1237
-412.9 17.3 0.01916 0.01128 37.1 -0.07 1 1237
-350.1 -107.9 0.01377 0.00078 80.4 -0.05 1 1237
-52.7 109.5 0.01372 0.00100 4.4 -1.21 1 1237
-5.7 198.1 0.01915 0.00053 11.8 -0.26 -1 1237
78.7 284.1 0.01765 -0.00103 3.1 -2.40 1 1237
-43.5 341.7 0.02332 0.00501 4.3 -0.94 1 1237
-311.5 19.6 0.02388 -0.01571 22.8 -0.14 1 1237
47.9 272.6 0.02305 0.00006 18.3 -0.26 1 1237
-409.9 280.4 0.01316 0.00353 7.0 -0.54 1 1237
99.8 320.4 0.01686 0.00434 127.0 -0.03 -1 1237
107.8 380.5 0.01962 0.00016 2.1 -5.10 -1 1237
-246.7 395.4 0.03303 0.00568 13.9 -0.16 1 1237
-63.0 102.8 0.02277 0.00314 15.2 -0.26 -1 1237
-21.2 267.1 0.02043 -0.00420 4.2 -1.24 -1 1237
-130.3 240.4 0.01302 0.00318 5.3 -0.89 1 1237
38.6 167.9 0.01444 -0.00026 13.4 -0.18 1 1237
-302.7 -41.6 0.01272 -0.00044 117.3 -0.04 -1 1237
-404.6 191.3 0.02108 0.00353 6.3 -0.48 1 1237
-198.8 286.1 0.01639 -0.00126 5.3 -0.74 1 1237
-21.5 387.2 0.00918 0.01582 32.6 -0.16 1 1237
-283.2 308.3 0.00972 0.01715 5.7 -0.58 -1 1237
-249.6 380.3 0.01351 0.00347 148.9 -0.05 1 1237
49.7 106.2 0.01611 -0.00346 7.2 -0.51 -1 1237
-252.0 113.6 0.01340 0.00104 148.6 -0.03 1 1237
-6.2 122.8 0.02374 0.00023 8.0 -0.45 1 1237
-394.0 167.7 0.01213 0.00160 123.4 -0.05 1 1237
-250.6 76.0 0.00621 0.00121 63.4 -0.06 -1 1237
-21.5 37.2 0.01573 0.00039 128.5 -0.01 1 1237
