-482.8 154.5 -0.01194 -0.00096 89.2 1 1501 0.000000
-483.8 288.8 -0.00433 0.01456 27.0 1 1501 0.000000
130.0 334.1 0.01686 0.01200 50.9 1 1501 0.000000
-228.1 516.6 -0.00149 0.01258 87.7 1 1501 0.000000
-404.0 427.3 -0.00453 0.01159 152.6 1 1501 0.000000
-255.2 104.7 -0.00312 -0.00795 159.1 1 1501 0.000000
-323.9 99.6 -0.00597 -0.00596 134.7 1 1501 0.000000
-289.7 239.1 -0.00613 0.00922 98.7 1 1501 0.000000
-23.0 183.7 0.01034 0.00139 166.0 1 1501 0.000000
107.4 3.0 0.01627 -0.00361 124.7 1 1501 0.000000
-65.1 41.4 0.00938 -0.00664 115.6 1 1501 0.000000
117.5 158.6 0.01671 -0.00193 93.1 1 1501 0.000000
-357.5 219.3 -0.00801 0.00728 141.8 1 1501 0.000000
-275.4 369.3 -0.00672 0.00139 170.0 1 1501 0.000000
-341.2 194.0 -0.00644 -0.00352 139.1 1 1501 0.000000
58.2 223.3 0.01326 0.00660 107.1 1 1501 0.000000
-331.7 297.4 -0.00527 0.01170 144.0 1 1501 0.000000
-140.9 282.3 0.00871 0.00999 26.9 1 1501 0.000000
-488.7 234.1 -0.01087 -0.00334 98.8 1 1501 0.000000
242.7 280.5 0.01777 0.00476 117.4 1 1501 0.000000
-333.7 448.6 -0.00262 0.01283 105.8 1 1501 0.000000
-382.7 503.0 0.00152 0.01006 16.0 1 1501 0.000000
-486.5 175.3 -0.01394 0.00078 129.6 1 1501 0.000000
-342.2 50.7 0.00105 0.00327 129.7 1 1501 0.000000
-440.4 469.3 -0.02105 0.02068 38.1 1 1501 0.000000
178.4 71.9 0.01369 -0.00380 137.7 1 1501 0.000000
-315.8 690.0 -0.01081 0.03057 17.6 1 1501 0.000000
-122.1 -381.1 0.00255 -0.01378 19.7 1 1501 0.000000
-423.3 424.0 -0.00822 0.01243 111.9 1 1501 0.000000
8.4 177.3 0.00731 0.00213 33.2 1 1501 0.000000
-263.9 -126.1 0.00108 -0.01017 158.7 1 1501 0.000000
-247.3 -73.1 0.00065 -0.01132 129.6 1 1501 0.000000
-520.0 220.6 -0.01230 0.00528 80.3 1 1501 0.000000
-95.0 110.8 -0.00117 0.00543 136.2 1 1501 0.000000
-498.0 467.1 -0.01514 0.00873 74.0 1 1501 0.000000
-219.0 498.9 0.00708 0.01694 83.6 1 1501 0.000000
-654.1 292.9 -0.01890 0.01143 35.9 1 1501 0.000000
-91.7 -117.8 0.00071 -0.01316 10.5 1 1501 0.000000
-445.5 -89.2 -0.00906 -0.01886 64.4 1 1501 0.000000
-341.2 161.4 -0.00873 0.00519 143.0 1 1501 0.000000
-414.1 615.6 -0.00420 0.02694 67.1 1 1501 0.000000
-105.6 456.8 -0.00027 0.01286 100.1 1 1501 0.000000
-380.2 209.0 -0.00753 0.00621 169.5 1 1501 0.000000
-370.6 108.6 -0.01296 -0.00088 151.6 1 1501 0.000000
-590.4 42.0 0.05439 0.00101 3.6 1 1501 0.000000
-306.3 246.1 0.00268 -0.00241 121.9 1 1501 0.000000
-531.1 72.6 -0.01082 -0.00111 59.9 1 1501 0.000000
-307.2 -223.2 0.00700 -0.02581 46.7 1 1501 0.000000
-148.7 366.3 -0.00201 -0.00043 114.9 1 1501 0.000000
19.8 324.7 0.01299 0.00352 121.8 1 1501 0.000000
-550.7 -194.1 -0.01154 -0.02102 27.4 1 1501 0.000000
235.2 168.4 0.01466 0.00146 140.9 1 1501 0.000000
-94.8 -117.4 0.00351 -0.01017 136.8 1 1501 0.000000
-184.0 415.5 0.00175 0.01390 150.4 1 1501 0.000000
-118.8 -9.1 0.00486 -0.01130 103.5 1 1501 0.000000
-514.2 -298.0 -0.01032 -0.00237 24.2 1 1501 0.000000
-412.7 -116.7 -0.01447 -0.00457 119.3 1 1501 0.000000
240.5 282.7 0.01407 0.00341 157.8 1 1501 0.000000
-79.6 87.4 0.00947 -0.00118 151.3 1 1501 0.000000
-213.7 355.8 0.00128 0.01222 157.2 1 1501 0.000000
-432.6 17.5 -0.00841 -0.00760 117.0 1 1501 0.000000
-90.9 -449.1 0.05124 -0.05334 2.9 1 1501 0.000000
-476.1 341.3 -0.01200 0.00814 71.9 1 1501 0.000000
71.6 248.6 0.01338 0.00536 137.9 1 1501 0.000000
-292.4 104.4 -0.00739 0.00414 109.1 1 1501 0.000000
-447.5 685.5 -0.00683 0.04196 11.7 1 1501 0.000000
836.6 43.6 0.02576 -0.01940 10.8 1 1501 0.000000
-237.4 187.7 -0.00583 -0.00330 184.6 1 1501 0.000000
184.6 280.5 0.01347 0.00330 145.9 1 1501 0.000000
214.3 319.7 0.01493 0.00505 133.4 1 1501 0.000000
-213.9 215.8 0.00544 -0.00276 139.2 1 1501 0.000000
-241.4 349.2 -0.00124 0.01195 164.6 1 1501 0.000000
-20.3 -99.7 0.00077 -0.00014 151.7 1 1501 0.000000
-595.5 214.9 -0.02014 -0.00481 52.9 1 1501 0.000000
-185.1 338.0 0.00311 0.01190 136.1 1 1501 0.000000
-175.1 -113.6 0.00287 -0.01102 126.7 1 1501 0.000000
-466.5 339.3 -0.00606 0.01764 62.6 1 1501 0.000000
-415.2 313.4 -0.00745 0.01110 93.4 1 1501 0.000000
-799.1 224.4 -0.04370 -0.00364 4.6 1 1501 0.000000
-422.7 343.3 -0.01043 0.00364 146.8 1 1501 0.000000
-316.7 184.2 -0.00778 0.00722 110.2 1 1501 0.000000
-129.2 361.7 0.00558 0.01083 147.9 1 1501 0.000000
-735.2 172.6 -0.03181 0.00117 29.2 1 1501 0.000000
-43.6 526.7 -0.00621 0.02403 14.0 1 1501 0.000000
-302.4 -17.7 -0.00280 -0.01005 128.1 1 1501 0.000000
-25.8 -20.7 0.00999 -0.01036 90.0 1 1501 0.000000
155.2 192.4 0.01542 0.00388 123.8 1 1501 0.000000
-312.4 496.8 0.00215 0.00878 81.2 1 1501 0.000000
271.6 296.9 0.00482 0.01393 132.9 -1 1501 0.000000
-4.1 135.2 0.01183 -0.00418 147.8 1 1501 0.000000
-624.0 239.5 -0.01592 0.01695 26.4 1 1501 0.000000
-195.6 29.6 0.00269 -0.00858 138.1 1 1501 0.000000
150.7 148.7 0.01257 0.00008 163.3 1 1501 0.000000
203.1 409.3 0.00283 0.01249 142.6 -1 1501 0.000000
-237.0 50.9 0.00082 -0.00817 149.6 1 1501 0.000000
-292.2 322.4 -0.00193 0.01118 158.6 1 1501 0.000000
-132.2 477.5 0.00061 0.01364 109.8 1 1501 0.000000
-327.1 66.4 -0.00446 -0.00909 129.3 1 1501 0.000000
-585.7 278.6 0.00173 0.00592 18.0 1 1501 0.000000
230.4 -71.4 -0.00473 -0.01527 5.4 1 1501 0.000000
-195.6 141.6 -0.00218 0.00663 131.1 1 1501 0.000000
-282.7 185.6 -0.00698 0.00649 116.8 1 1501 0.000000
99.1 540.3 0.01478 0.01200 43.7 1 1501 0.000000
-242.6 216.3 0.00230 0.00938 149.4 1 1501 0.000000
317.2 302.3 0.02346 0.00751 70.3 1 1501 0.000000
-392.6 166.5 -0.01013 0.00423 148.3 1 1501 0.000000
-608.7 313.7 -0.01433 0.00655 46.9 1 1501 0.000000
354.0 375.3 0.02262 0.00755 64.9 1 1501 0.000000
-556.9 -59.4 -0.01448 -0.00318 20.7 1 1501 0.000000
-254.0 256.4 -0.00226 0.00945 162.7 1 1501 0.000000
-550.7 18.5 -0.03053 -0.00788 21.7 1 1501 0.000000
-103.2 327.7 0.01724 0.00837 35.8 1 1501 0.000000
-224.2 369.2 -0.00001 0.01365 141.5 1 1501 0.000000
356.5 112.1 0.01829 -0.00094 78.3 1 1501 0.000000
-602.5 128.8 -0.01735 -0.00547 51.4 1 1501 0.000000
-467.5 667.0 -0.02158 0.01148 12.9 1 1501 0.000000
277.3 -74.3 0.01159 -0.00306 161.0 -1 1501 0.000000
-176.5 69.8 0.00270 -0.00950 137.7 1 1501 0.000000
-356.1 321.3 -0.00557 0.00999 155.8 1 1501 0.000000
-121.3 318.6 0.00789 0.01004 95.8 1 1501 0.000000
-187.3 -198.2 -0.00645 -0.00200 65.6 1 1501 0.000000
-39.0 247.0 0.01195 0.00144 141.2 1 1501 0.000000
-197.6 239.3 0.00485 0.00748 172.9 1 1501 0.000000
-58.9 120.0 0.01105 -0.00568 76.6 1 1501 0.000000
-281.1 285.0 -0.00553 -0.00194 90.3 1 1501 0.000000
-336.6 553.4 -0.00748 0.01354 42.0 1 1501 0.000000
-487.5 176.2 -0.00270 -0.00284 58.3 1 1501 0.000000
-140.2 24.2 -0.00230 0.00253 150.9 1 1501 0.000000
-360.2 361.3 -0.00607 0.01285 141.0 1 1501 0.000000
84.6 307.7 0.01384 0.00845 113.5 1 1501 0.000000
221.3 174.7 0.01444 -0.00040 132.7 1 1501 0.000000
-257.9 -69.7 -0.00073 -0.01166 134.8 1 1501 0.000000
276.6 197.5 0.01749 0.00364 121.3 1 1501 0.000000
-249.8 634.5 -0.01107 0.01939 46.5 1 1501 0.000000
-442.1 340.8 -0.01154 0.01056 95.1 1 1501 0.000000
-57.1 66.2 0.01145 0.00328 77.9 1 1501 0.000000
-615.7 290.9 -0.01993 0.01069 40.7 1 1501 0.000000
601.9 299.1 0.01073 0.01190 81.2 -1 1501 0.000000
109.0 365.9 0.01652 0.00933 94.4 1 1501 0.000000
-454.0 467.6 -0.00645 0.01221 91.0 1 1501 0.000000
-319.6 123.4 -0.00548 -0.00629 138.0 1 1501 0.000000
-265.7 492.1 0.00349 0.01890 104.1 1 1501 0.000000
-63.5 158.4 0.01118 0.00076 122.3 1 1501 0.000000
-375.4 -94.8 -0.00446 -0.01287 111.9 1 1501 0.000000
380.8 294.6 0.02466 0.02326 11.6 1 1501 0.000000
-317.8 451.9 -0.00327 0.01378 111.7 1 1501 0.000000
51.9 40.3 0.02723 0.00909 9.1 1 1501 0.000000
108.8 186.0 0.01379 0.00298 133.9 1 1501 0.000000
79.9 -189.9 0.00938 -0.00452 24.1 -1 1501 0.000000
723.7 -64.5 0.01873 -0.01617 36.3 1 1501 0.000000
13.9 185.6 0.01183 0.00227 115.5 1 1501 0.000000
341.7 -5.1 0.03667 -0.02607 17.5 1 1501 0.000000
208.2 192.3 0.01456 0.00069 149.4 1 1501 0.000000
-165.3 631.0 -0.00844 0.01015 22.7 1 1501 0.000000
-468.8 111.0 -0.01288 -0.00335 113.5 1 1501 0.000000
-566.6 206.1 -0.00805 0.00884 54.9 1 1501 0.000000
-290.9 184.2 -0.00490 -0.00527 115.2 1 1501 0.000000
87.6 69.5 0.01554 -0.00173 119.4 1 1501 0.000000
-267.4 39.6 -0.00202 -0.00806 147.4 1 1501 0.000000
-517.3 -112.8 -0.01682 -0.01578 71.1 1 1501 0.000000
-504.2 -12.1 -0.00725 -0.00902 57.1 1 1501 0.000000
-353.3 185.7 -0.01173 0.00153 159.8 1 1501 0.000000
-639.1 112.9 -0.01691 -0.00531 30.2 1 1501 0.000000
-564.2 508.8 -0.02352 -0.01613 9.8 1 1501 0.000000
-259.9 158.3 -0.00382 0.00672 158.0 1 1501 0.000000
-140.9 216.8 0.00857 0.00664 83.6 1 1501 0.000000
-287.5 -156.2 -0.00696 -0.01347 84.2 1 1501 0.000000
-417.8 367.2 -0.00871 0.01428 139.0 1 1501 0.000000
-521.3 422.4 -0.01095 0.00975 80.7 1 1501 0.000000
-253.2 5.9 0.00064 -0.01014 116.0 1 1501 0.000000
-203.7 209.0 0.00664 0.00828 73.3 1 1501 0.000000
-474.1 370.0 -0.00714 0.00680 97.8 1 1501 0.000000
-451.1 269.1 -0.01578 0.00348 133.0 1 1501 0.000000
-287.5 281.4 -0.00317 0.01039 166.1 1 1501 0.000000
-251.9 179.9 -0.00375 0.00800 143.3 1 1501 0.000000
-532.9 255.3 -0.01750 0.00130 71.0 1 1501 0.000000
-343.8 -284.5 -0.00024 -0.01714 30.1 1 1501 0.000000
-667.0 197.3 -0.01722 0.00093 38.3 1 1501 0.000000
-101.0 113.8 0.00820 -0.00381 157.5 1 1501 0.000000
-463.5 496.4 -0.01328 0.01783 90.2 1 1501 0.000000
142.4 373.8 0.01426 0.00628 121.8 1 1501 0.000000
-96.9 -48.8 -0.00380 0.00366 69.4 1 1501 0.000000
-362.3 -17.7 -0.00546 -0.00852 134.2 1 1501 0.000000
-118.2 -127.1 0.00683 -0.01147 100.9 1 1501 0.000000
-651.6 225.8 -0.01286 0.00556 13.3 1 1501 0.000000
249.4 193.3 0.01790 0.00263 111.7 1 1501 0.000000
19.1 469.2 0.01667 0.01516 91.2 1 1501 0.000000
18.3 487.0 0.00732 0.01282 77.6 1 1501 0.000000
-209.2 179.4 -0.00304 0.00817 131.5 1 1501 0.000000
-677.0 273.3 -0.02679 -0.00785 10.4 1 1501 0.000000
-623.4 241.6 -0.02504 0.00754 65.7 1 1501 0.000000
-460.2 376.9 -0.01328 0.00551 79.6 1 1501 0.000000
-313.3 626.4 -0.00580 0.02759 53.9 1 1501 0.000000
-365.5 3.2 -0.00998 0.00255 77.6 1 1501 0.000000
-293.9 369.0 0.00270 0.00010 96.3 1 1501 0.000000
-315.8 298.0 -0.00481 0.00975 166.6 1 1501 0.000000
267.5 297.7 0.01392 0.00803 133.7 1 1501 0.000000
-487.6 314.5 -0.00773 0.00528 105.8 1 1501 0.000000
-767.1 291.7 -0.00081 0.02966 9.4 1 1501 0.000000
233.7 64.1 0.01922 -0.00236 83.8 1 1501 0.000000
-249.7 169.2 0.00356 -0.01018 52.6 1 1501 0.000000
201.7 188.5 0.01824 -0.00029 115.1 1 1501 0.000000
-543.2 5.6 -0.00727 -0.01739 36.7 1 1501 0.000000
-287.2 400.3 -0.00301 0.01289 147.2 1 1501 0.000000
648.2 153.3 0.00124 -0.02158 6.0 1 1501 0.000000
-524.2 247.6 -0.01177 0.01075 68.9 1 1501 0.000000
-287.8 95.9 -0.00325 -0.00624 158.6 1 1501 0.000000
-325.1 193.9 -0.00897 -0.00205 150.5 1 1501 0.000000
-739.8 443.5 -0.02556 0.04070 9.1 1 1501 0.000000
-237.7 301.5 0.00297 0.01201 129.0 1 1501 0.000000
414.8 372.1 0.03098 0.01420 36.9 1 1501 0.000000
-442.8 351.0 -0.01633 0.00791 89.3 1 1501 0.000000
376.6 387.3 0.01194 0.00489 109.6 -1 1501 0.000000
403.4 375.0 0.02268 0.00900 59.0 1 1501 0.000000
-535.5 337.6 -0.01871 0.00501 78.4 1 1501 0.000000
-64.2 192.4 0.01142 0.00720 91.8 1 1501 0.000000
-720.8 286.0 0.00257 -0.01664 6.2 1 1501 0.000000
248.3 352.6 0.00453 0.01163 147.6 -1 1501 0.000000
-25.7 415.5 0.00778 0.01385 141.9 1 1501 0.000000
-473.4 294.6 -0.00932 0.00724 123.0 1 1501 0.000000
134.7 379.8 0.01192 0.00875 145.8 1 1501 0.000000
-749.3 379.8 -0.01466 0.02173 31.6 1 1501 0.000000
-608.1 379.2 -0.01074 0.01180 22.7 1 1501 0.000000
-343.3 280.6 -0.00781 0.00820 135.8 1 1501 0.000000
438.1 51.4 0.02785 -0.00692 55.1 1 1501 0.000000
-296.7 336.0 -0.00426 0.01108 164.2 1 1501 0.000000
-586.1 228.2 -0.00384 -0.00667 36.4 1 1501 0.000000
-290.1 409.0 -0.00086 0.01326 135.5 1 1501 0.000000
-283.7 435.4 -0.00627 0.01050 115.5 1 1501 0.000000
-439.1 -49.1 -0.00578 -0.00603 122.4 1 1501 0.000000
-393.3 206.2 -0.00939 0.00497 158.0 1 1501 0.000000
-214.3 334.4 0.00165 0.01176 127.7 1 1501 0.000000
-104.7 151.4 0.01018 -0.00428 114.4 1 1501 0.000000
-255.1 175.5 0.00286 -0.00425 161.6 1 1501 0.000000
-441.2 390.0 -0.01161 0.01018 121.9 1 1501 0.000000
-320.1 419.6 -0.00255 0.01247 123.4 1 1501 0.000000
-267.5 22.1 0.07910 -0.05529 1.0 1 1501 0.000000
-298.5 207.4 -0.00651 -0.00340 117.6 1 1501 0.000000
-318.1 198.6 -0.00455 0.00729 153.7 1 1501 0.000000
-265.2 263.9 0.00065 0.01095 121.7 1 1501 0.000000
336.5 265.0 0.01997 0.00026 112.7 1 1501 0.000000
-300.4 201.2 0.00169 0.00733 140.5 1 1501 0.000000
-187.1 218.7 0.00332 0.00910 155.5 1 1501 0.000000
60.3 289.6 0.01414 0.00779 123.4 1 1501 0.000000
-338.2 207.4 -0.00824 0.00576 169.9 1 1501 0.000000
84.6 347.0 0.01195 0.00849 135.8 1 1501 0.000000
-719.8 -365.9 0.20943 -0.01866 0.7 1 1501 0.000000
-537.7 115.8 -0.01194 -0.00042 24.2 1 1501 0.000000
208.1 429.4 0.00592 0.01026 172.6 -1 1501 0.000000
171.9 218.0 0.01403 0.00355 131.7 1 1501 0.000000
-388.1 276.6 -0.00825 0.00833 137.7 1 1501 0.000000
-389.6 -99.6 -0.00560 -0.01095 139.9 1 1501 0.000000
-271.6 163.7 0.00131 0.00700 151.9 1 1501 0.000000
-211.7 57.1 -0.00395 0.00450 132.6 1 1501 0.000000
-203.7 246.8 0.00574 0.00879 108.4 1 1501 0.000000
-555.3 83.7 0.00869 0.00110 9.0 1 1501 0.000000
-489.1 117.2 0.00661 -0.02578 14.1 1 1501 0.000000
-619.0 76.7 -0.01495 -0.00140 58.9 1 1501 0.000000
261.1 62.1 0.01485 -0.00265 103.5 1 1501 0.000000
-555.0 292.2 -0.01393 -0.00013 45.2 1 1501 0.000000
-177.4 -63.4 0.00262 -0.01054 116.1 1 1501 0.000000
-442.0 203.1 -0.01026 0.00284 106.7 1 1501 0.000000
-672.5 -55.9 -0.02803 -0.01701 17.9 1 1501 0.000000
263.1 -88.6 0.00407 -0.01345 39.7 1 1501 0.000000
-218.7 39.0 -0.00411 0.00413 133.9 1 1501 0.000000
142.1 264.4 0.01656 0.00737 83.9 1 1501 0.000000
-241.3 230.9 -0.00381 0.00948 116.5 1 1501 0.000000
-102.1 191.5 0.00583 -0.00536 104.6 1 1501 0.000000
-656.5 357.0 -0.02754 0.01393 31.7 1 1501 0.000000
-219.2 75.4 0.01613 -0.02160 13.3 1 1501 0.000000
-571.8 238.4 -0.01390 0.00166 64.6 1 1501 0.000000
-457.1 272.5 -0.01401 0.00709 109.5 1 1501 0.000000
134.1 113.4 0.01591 -0.00316 110.0 1 1501 0.000000
146.8 127.8 0.01460 -0.00229 129.3 1 1501 0.000000
-574.7 173.7 -0.02283 0.00014 77.7 1 1501 0.000000
-150.5 420.3 0.00353 0.00650 25.0 1 1501 0.000000
-182.4 269.6 0.00796 0.00900 56.9 1 1501 0.000000
-300.3 259.6 -0.00467 0.00795 148.4 1 1501 0.000000
-458.7 324.1 0.00130 0.00725 54.9 1 1501 0.000000
-323.6 335.8 -0.00322 0.01134 158.8 1 1501 0.000000
-298.5 460.0 -0.00095 0.01736 93.0 1 1501 0.000000
-436.8 27.3 -0.01083 -0.00644 127.2 1 1501 0.000000
-518.3 -22.6 -0.00574 -0.00132 36.0 1 1501 0.000000
-862.4 71.6 -0.02643 -0.01778 10.8 1 1501 0.000000
-585.7 347.3 -0.03165 0.01088 21.4 1 1501 0.000000
-472.0 182.3 -0.00730 -0.00301 102.4 1 1501 0.000000
-501.4 376.4 -0.01062 0.00588 63.7 1 1501 0.000000
-448.1 -127.6 -0.00194 -0.01368 36.9 1 1501 0.000000
-44.9 66.8 0.00356 0.00580 35.5 1 1501 0.000000
-342.9 324.6 -0.00602 0.01270 101.5 1 1501 0.000000
-103.8 429.5 0.00710 0.01434 95.0 1 1501 0.000000
-211.4 267.8 -0.00518 -0.00134 167.7 1 1501 0.000000
-85.7 602.1 -0.05103 -0.01871 5.1 1 1501 0.000000
-207.0 39.6 -0.00435 0.00345 111.5 1 1501 0.000000
192.1 280.2 0.01435 0.00572 136.0 1 1501 0.000000
217.5 152.5 0.00633 0.00752 179.1 -1 1501 0.000000
-257.5 248.7 -0.00136 0.00918 172.9 1 1501 0.000000
-101.0 -65.7 0.00543 -0.00941 155.2 1 1501 0.000000
-297.5 142.6 0.00122 -0.00711 112.5 1 1501 0.000000
-504.3 -246.0 -0.03027 -0.00956 31.0 1 1501 0.000000
-801.6 284.5 -0.03876 0.01847 9.9 1 1501 0.000000
-582.0 86.5 -0.00677 -0.00023 68.3 1 1501 0.000000
-109.1 768.6 0.01071 0.03078 20.3 1 1501 0.000000
-285.9 254.1 0.00363 -0.00237 131.8 1 1501 0.000000
-660.3 126.5 0.00308 -0.00444 19.8 1 1501 0.000000
-547.1 84.2 -0.01369 0.00151 74.5 1 1501 0.000000
117.9 157.3 0.01382 -0.00049 130.3 1 1501 0.000000
236.7 361.9 0.01751 0.00955 70.8 1 1501 0.000000
-453.7 -77.0 -0.01685 -0.01074 11.6 1 1501 0.000000
-74.1 76.7 0.00881 -0.00642 122.1 1 1501 0.000000
208.1 108.4 0.02052 -0.00766 11.3 -1 1501 0.000000
-767.6 70.7 -0.02307 0.01016 12.8 1 1501 0.000000
-238.5 364.9 -0.00427 -0.00018 120.5 1 1501 0.000000
-608.2 268.5 -0.00637 -0.00170 29.4 1 1501 0.000000
96.4 217.8 0.01375 0.00437 145.5 1 1501 0.000000
-268.6 163.7 -0.00324 0.00760 162.8 1 1501 0.000000
85.8 -100.6 0.00418 0.00084 134.8 1 1501 0.000000
-53.5 4.7 -0.00274 0.00033 65.2 1 1501 0.000000
0.7 363.7 0.00750 -0.00168 73.6 1 1501 0.000000
-170.4 133.3 0.00392 -0.00547 149.8 1 1501 0.000000
13.5 11.3 0.01150 -0.00693 111.5 1 1501 0.000000
149.1 445.3 0.01459 0.01175 101.6 1 1501 0.000000
73.4 151.0 0.01065 -0.00135 179.3 1 1501 0.000000
-541.7 275.6 -0.00823 0.00845 66.7 1 1501 0.000000
96.3 42.2 0.00598 0.00431 96.3 1 1501 0.000000
-199.4 -47.6 0.00119 -0.01077 122.8 1 1501 0.000000
-258.8 113.4 -0.00455 0.00514 130.1 1 1501 0.000000
548.9 160.0 0.01930 -0.00154 84.5 -1 1501 0.000000
180.1 -47.4 -0.00121 -0.00682 19.1 1 1501 0.000000
-605.6 402.6 -0.01327 0.01436 37.2 1 1501 0.000000
308.3 -34.4 0.01394 -0.00339 145.6 -1 1501 0.000000
564.7 455.0 -0.00613 0.01157 7.9 1 1501 0.000000
-179.6 250.3 0.00524 0.01016 111.9 1 1501 0.000000
585.9 138.3 0.03022 0.00375 6.9 1 1501 0.000000
-580.0 603.5 -0.01723 0.01113 23.2 1 1501 0.000000
-206.5 -91.2 0.00155 -0.01102 145.5 1 1501 0.000000
-543.2 301.6 -0.00683 0.00759 44.2 1 1501 0.000000
-85.0 359.9 -0.00187 0.00055 156.2 1 1501 0.000000
233.7 86.9 0.02031 -0.00036 114.7 1 1501 0.000000
-686.3 319.4 -0.01227 0.00935 30.4 1 1501 0.000000
-16.2 -77.3 -0.01133 0.01012 2.6 1 1501 0.000000
460.6 152.4 0.01993 -0.00816 27.3 1 1501 0.000000
-661.5 242.5 -0.01393 0.00977 28.7 1 1501 0.000000
-330.5 284.3 -0.00485 0.00906 149.9 1 1501 0.000000
203.6 246.2 0.01346 0.00377 144.7 1 1501 0.000000
-552.9 380.5 -0.02323 0.00306 27.0 1 1501 0.000000
-156.2 366.6 0.00458 0.01312 135.9 1 1501 0.000000
326.6 150.0 -0.02783 0.04335 2.5 1 1501 0.000000
-624.0 328.7 -0.02150 0.00735 41.7 1 1501 0.000000
-38.3 -349.7 -0.10613 0.00121 0.3 1 1501 0.000000
-383.4 51.4 -0.00788 -0.00972 76.9 1 1501 0.000000
-768.3 243.5 0.00437 0.03193 2.7 1 1501 0.000000
-260.1 147.7 -0.00727 -0.00524 136.6 1 1501 0.000000
349.7 172.0 0.02419 0.00488 25.0 1 1501 0.000000
-487.6 173.2 -0.00902 0.00217 82.9 1 1501 0.000000
-245.6 512.0 -0.00013 0.01305 82.3 1 1501 0.000000
161.6 273.0 0.01374 0.00455 138.7 1 1501 0.000000
-545.1 -260.9 -0.02041 -0.03957 6.3 1 1501 0.000000
-132.8 -57.3 -0.00244 0.00088 94.1 1 1501 0.000000
-461.6 549.1 -0.00009 0.00974 24.3 1 1501 0.000000
-379.6 144.6 -0.01026 0.00563 95.7 1 1501 0.000000
-386.0 92.9 -0.01055 -0.00561 112.4 1 1501 0.000000
-71.3 116.4 0.00903 0.00013 160.9 1 1501 0.000000
-304.4 232.6 -0.00833 0.00627 162.5 1 1501 0.000000
292.7 139.6 0.01994 -0.00424 77.4 1 1501 0.000000
-24.0 200.4 0.00546 0.01602 20.9 1 1501 0.000000
-355.2 140.9 -0.01246 -0.00078 178.4 1 1501 0.000000
-359.4 87.4 -0.00543 -0.00747 143.2 1 1501 0.000000
-62.2 628.7 0.00218 0.02443 37.1 1 1501 0.000000
-300.2 197.7 0.00218 0.00606 122.6 1 1501 0.000000
458.7 -99.0 0.02378 -0.00861 42.7 1 1501 0.000000
-529.7 -133.6 0.00099 -0.00757 13.5 1 1501 0.000000
-395.0 429.5 -0.00708 0.01878 40.5 1 1501 0.000000
50.5 424.9 0.00992 0.01236 119.1 1 1501 0.000000
61.1 154.3 0.01400 -0.00276 129.4 1 1501 0.000000
-383.3 263.9 -0.01009 -0.00005 147.2 1 1501 0.000000
-597.7 283.7 -0.01673 0.00569 13.0 1 1501 0.000000
-304.7 48.5 -0.00516 -0.00839 121.7 1 1501 0.000000
-581.1 -208.3 -0.03369 -0.00530 21.7 1 1501 0.000000
-176.8 316.7 -0.00375 -0.00118 155.3 1 1501 0.000000
-145.6 473.3 0.00091 0.01579 94.7 1 1501 0.000000
368.2 530.1 -0.00527 0.06836 4.8 1 1501 0.000000
-132.0 346.8 0.00456 0.01149 139.1 1 1501 0.000000
-252.2 436.7 -0.00190 0.01621 131.4 1 1501 0.000000
-294.7 284.6 -0.00077 -0.00355 83.1 1 1501 0.000000
72.8 385.5 0.01011 0.00924 156.9 1 1501 0.000000
-140.7 144.4 0.00584 -0.00535 108.8 1 1501 0.000000
259.3 -354.3 -0.00157 -0.00450 13.4 1 1501 0.000000
-658.5 415.6 -0.00943 0.00968 7.2 1 1501 0.000000
137.3 426.7 0.00191 0.00958 137.3 -1 1501 0.000000
142.4 298.6 -0.05193 0.02088 2.4 1 1501 0.000000
-560.1 305.1 -0.01971 0.00682 64.0 1 1501 0.000000
-555.9 -171.1 -0.01933 -0.00920 63.7 1 1501 0.000000
-172.2 169.2 0.00498 -0.00598 133.4 1 1501 0.000000
-399.6 175.7 -0.01062 0.00478 144.3 1 1501 0.000000
-347.6 191.6 -0.00743 0.00677 151.0 1 1501 0.000000
-631.8 638.3 -0.01471 0.01895 15.9 1 1501 0.000000
-414.3 340.9 -0.00822 0.01098 114.3 1 1501 0.000000
-217.4 330.6 -0.00408 -0.00012 150.7 1 1501 0.000000
-45.2 -75.5 -0.00175 0.00105 90.4 -1 1501 0.000000
-422.2 121.1 -0.01317 0.00095 114.4 1 1501 0.000000
-339.6 251.7 -0.00753 0.00052 166.9 1 1501 0.000000
-184.6 -48.5 0.00283 -0.00951 135.4 1 1501 0.000000
-500.8 562.0 -0.00693 0.00201 19.1 1 1501 0.000000
-269.9 224.2 0.00313 0.00834 122.3 1 1501 0.000000
-432.0 349.6 -0.00311 0.00655 101.4 1 1501 0.000000
141.3 289.7 0.01342 0.00360 149.5 1 1501 0.000000
-78.5 418.3 0.00556 0.01261 123.8 1 1501 0.000000
-179.0 37.7 0.00410 -0.00914 112.8 1 1501 0.000000
-116.7 -11.5 0.00125 0.00315 74.4 1 1501 0.000000
-671.8 191.2 -0.01951 -0.00514 43.1 1 1501 0.000000
-371.1 427.9 -0.00714 0.01370 107.0 1 1501 0.000000
-376.2 217.4 -0.00947 0.00139 161.4 1 1501 0.000000
-265.4 383.8 0.00086 0.01311 109.3 1 1501 0.000000
-465.9 481.9 -0.00695 0.01712 38.2 1 1501 0.000000
-604.5 -261.3 -0.03153 -0.01815 16.0 1 1501 0.000000
-208.8 324.3 0.00548 0.00970 127.9 1 1501 0.000000
-158.9 201.4 0.00693 0.00695 102.5 1 1501 0.000000
-192.1 248.7 0.00317 0.01065 126.8 1 1501 0.000000
-83.7 150.3 0.01026 0.00219 118.0 1 1501 0.000000
-790.5 293.6 -0.03200 0.00603 28.3 1 1501 0.000000
524.3 -102.9 0.02415 -0.01566 56.0 -1 1501 0.000000
-216.3 332.4 -0.00414 -0.00052 150.2 1 1501 0.000000
149.4 134.5 0.01570 -0.00179 117.3 1 1501 0.000000
-683.8 232.9 0.08614 -0.03788 2.4 1 1501 0.000000
-328.2 516.0 -0.00677 0.00727 88.6 1 1501 0.000000
-328.6 196.9 -0.00639 0.00633 165.1 1 1501 0.000000
30.8 318.1 0.00912 0.00706 166.6 1 1501 0.000000
-76.4 247.9 0.00785 0.00776 137.3 1 1501 0.000000
-391.4 622.5 -0.00263 0.01968 32.9 1 1501 0.000000
-636.5 292.5 -0.02797 0.00809 61.1 1 1501 0.000000
27.7 255.8 0.01127 0.00586 154.1 1 1501 0.000000
-56.7 132.2 0.00929 -0.00511 88.4 1 1501 0.000000
-543.0 415.0 -0.00534 -0.00370 32.2 1 1501 0.000000
262.9 205.4 0.01665 0.00178 86.7 1 1501 0.000000
229.3 -119.5 0.00640 -0.01363 94.3 -1 1501 0.000000
-227.4 524.7 0.00786 0.02256 61.2 1 1501 0.000000
567.0 -255.8 -0.11459 0.13583 0.3 1 1501 0.000000
253.2 472.1 0.02003 0.01269 76.3 1 1501 0.000000
204.8 205.6 0.01717 -0.00060 112.2 1 1501 0.000000
-482.1 223.9 -0.01098 0.00877 109.3 1 1501 0.000000
225.4 -336.8 -0.00421 -0.01537 8.3 1 1501 0.000000
-388.5 -19.7 -0.00714 -0.00938 112.6 1 1501 0.000000
-340.2 184.1 -0.00696 -0.00342 119.6 1 1501 0.000000
-199.0 120.8 -0.00372 0.00643 119.9 1 1501 0.000000
-539.2 132.2 -0.01280 -0.00302 67.5 1 1501 0.000000
-292.0 214.3 -0.00720 0.00671 146.3 1 1501 0.000000
446.9 288.5 0.01948 0.01172 7.7 1 1501 0.000000
-2.1 231.5 0.01198 0.00660 118.8 1 1501 0.000000
-556.4 266.1 -0.00674 0.00496 53.9 1 1501 0.000000
-363.2 212.4 -0.00818 0.00554 166.9 1 1501 0.000000
-150.9 206.3 0.00540 -0.00514 118.6 1 1501 0.000000
-161.5 424.8 0.00502 0.01677 100.4 1 1501 0.000000
57.3 27.9 0.01144 -0.00650 120.9 1 1501 0.000000
490.8 234.8 0.03394 -0.00535 53.7 1 1501 0.000000
-196.8 125.6 -0.00298 0.00559 136.5 1 1501 0.000000
-53.5 -146.4 0.00620 -0.01065 64.3 1 1501 0.000000
-304.0 169.0 -0.00604 0.00651 141.7 1 1501 0.000000
-194.5 431.0 0.00119 0.01461 72.9 1 1501 0.000000
-402.9 92.1 -0.00933 -0.00487 139.3 1 1501 0.000000
293.8 687.5 0.00062 -0.02480 5.2 -1 1501 0.000000
-164.7 596.2 0.00037 0.03156 15.9 1 1501 0.000000
733.8 -21.3 0.02866 0.00015 33.5 -1 1501 0.000000
-267.7 115.0 -0.00608 0.00586 103.6 1 1501 0.000000
240.7 198.1 0.01564 0.00253 154.8 1 1501 0.000000
-26.5 40.7 0.01262 0.00135 95.5 1 1501 0.000000
91.5 244.7 0.01529 0.00377 127.4 1 1501 0.000000
-646.8 219.5 -0.01543 0.00627 28.7 1 1501 0.000000
-276.1 344.7 0.00294 -0.00100 116.4 1 1501 0.000000
333.9 302.3 0.01740 0.00058 73.3 1 1501 0.000000
-252.7 536.0 -0.00498 0.02041 34.8 1 1501 0.000000
-335.2 143.9 -0.00646 -0.00500 122.7 1 1501 0.000000
-500.7 117.9 -0.00630 0.00317 47.3 1 1501 0.000000
-108.8 342.3 -0.00117 -0.00006 150.3 1 1501 0.000000
105.8 227.8 0.01749 0.00963 18.3 1 1501 0.000000
62.3 410.4 0.01501 0.00613 96.8 1 1501 0.000000
-231.4 162.2 0.00383 0.00704 116.5 1 1501 0.000000
-603.6 131.1 -0.01729 -0.00296 24.8 1 1501 0.000000
-421.3 119.7 -0.00763 0.00920 12.6 -1 1501 0.000000
-254.8 -317.2 0.02189 0.01347 9.2 -1 1501 0.000000
467.5 -71.6 0.01477 -0.00213 18.0 1 1501 0.000000
-632.7 96.4 -0.02671 -0.00499 64.5 1 1501 0.000000
-304.7 116.4 -0.02307 -0.04154 2.7 1 1501 0.000000
170.3 143.2 0.01575 -0.00667 50.5 1 1501 0.000000
-606.4 108.3 -0.01832 -0.00139 39.8 1 1501 0.000000
-520.0 303.5 -0.00700 0.00424 65.1 1 1501 0.000000
-258.2 -73.4 -0.00037 -0.01214 135.7 1 1501 0.000000
589.6 177.2 0.02959 0.00409 5.6 1 1501 0.000000
-703.3 337.7 -0.01634 0.00760 26.2 1 1501 0.000000
-892.9 340.2 -0.03137 0.02676 2.1 1 1501 0.000000
-537.8 -57.8 -0.01324 -0.00330 51.0 1 1501 0.000000
-288.5 276.3 -0.00258 0.01097 149.8 1 1501 0.000000
-311.5 202.2 -0.00710 -0.00287 163.3 1 1501 0.000000
-331.7 -71.6 -0.01009 -0.00450 144.4 1 1501 0.000000
-238.9 250.1 -0.00151 0.01029 155.3 1 1501 0.000000
-447.4 256.8 -0.01386 0.00465 139.5 1 1501 0.000000
-215.1 129.8 0.00452 0.00634 100.6 1 1501 0.000000
272.6 128.0 0.02202 -0.00128 84.5 1 1501 0.000000
-116.6 274.6 0.00684 0.00746 156.3 1 1501 0.000000
224.4 360.1 0.01382 0.00664 135.2 1 1501 0.000000
-281.2 181.0 -0.00712 0.00534 165.2 1 1501 0.000000
-326.4 508.4 0.00008 0.01968 68.8 1 1501 0.000000
-12.2 300.4 0.01039 0.00837 137.0 1 1501 0.000000
-655.0 220.3 -0.01612 -0.00137 35.4 1 1501 0.000000
-252.5 196.2 -0.00157 0.00905 167.5 1 1501 0.000000
19.4 363.5 -0.00454 -0.00193 12.3 1 1501 0.000000
-479.3 141.7 -0.00977 -0.00066 109.6 1 1501 0.000000
-309.1 -0.3 -0.00433 -0.00938 156.2 1 1501 0.000000
-261.2 241.6 0.00272 -0.00422 94.7 1 1501 0.000000
-487.5 232.7 -0.00634 -0.00192 77.0 1 1501 0.000000
-240.9 90.7 -0.00380 0.00562 160.8 1 1501 0.000000
-117.3 426.9 0.00443 0.01148 119.6 1 1501 0.000000
159.0 144.7 0.01211 -0.00022 184.4 1 1501 0.000000
-383.3 174.5 0.00038 0.00715 81.8 1 1501 0.000000
689.9 -13.3 0.04958 -0.07547 1.6 1 1501 0.000000
-531.7 -243.6 -0.00420 -0.01487 31.4 1 1501 0.000000
72.1 264.5 0.01193 0.00423 157.7 1 1501 0.000000
-269.3 162.9 -0.00515 0.00610 147.9 1 1501 0.000000
-383.2 199.6 -0.00754 0.00817 110.3 1 1501 0.000000
-750.5 196.6 -0.04285 -0.05795 0.8 1 1501 0.000000
235.6 213.4 0.01859 0.00370 102.1 1 1501 0.000000
212.9 187.8 0.01568 0.00288 137.6 1 1501 0.000000
158.8 -90.8 -0.00130 0.00040 40.9 -1 1501 0.000000
-316.3 31.1 -0.00154 0.00461 56.6 1 1501 0.000000
-505.7 202.2 -0.00888 0.01114 78.9 1 1501 0.000000
-499.0 416.1 -0.00283 0.01209 52.8 1 1501 0.000000
86.7 334.8 0.01329 0.00832 128.1 1 1501 0.000000
-270.9 256.9 -0.00517 -0.00361 146.1 1 1501 0.000000
-435.4 176.8 -0.01008 -0.00406 112.7 1 1501 0.000000
333.4 521.8 0.03029 0.03038 34.4 1 1501 0.000000
64.4 129.1 0.01273 0.00001 139.9 1 1501 0.000000
-547.0 242.5 -0.01132 0.01026 75.5 1 1501 0.000000
-201.9 -240.3 -0.02281 0.00498 7.7 1 1501 0.000000
76.5 -374.0 0.01412 -0.01043 13.7 1 1501 0.000000
-226.3 -78.4 0.00014 -0.01052 133.8 1 1501 0.000000
-172.7 253.5 0.00558 0.00866 156.4 1 1501 0.000000
546.5 -119.5 0.03094 -0.02598 21.3 1 1501 0.000000
75.8 163.0 0.01386 -0.00247 115.5 1 1501 0.000000
158.6 256.4 0.01188 0.00319 162.9 1 1501 0.000000
-259.6 865.9 -0.01256 0.05947 7.3 1 1501 0.000000
-82.7 -15.2 0.01153 0.00139 43.5 1 1501 0.000000
-635.6 394.5 0.00289 0.00573 6.3 1 1501 0.000000
-197.1 242.1 0.00306 0.00775 178.3 1 1501 0.000000
-272.7 289.3 0.00324 -0.00070 175.7 1 1501 0.000000
-104.8 333.7 -0.00189 -0.00081 137.3 1 1501 0.000000
-270.8 103.3 -0.00244 -0.00708 137.3 1 1501 0.000000
-613.1 186.3 -0.02480 -0.00098 39.6 1 1501 0.000000
78.8 -295.3 0.01911 -0.02013 34.8 1 1501 0.000000
-628.0 601.9 -0.01747 0.02641 33.3 1 1501 0.000000
-385.4 312.1 -0.00771 0.00875 157.9 1 1501 0.000000
-402.1 247.8 -0.01129 0.00615 136.9 1 1501 0.000000
215.6 -34.9 0.01033 -0.00189 147.2 -1 1501 0.000000
-272.0 306.6 -0.00267 0.01057 144.6 1 1501 0.000000
-488.4 197.5 -0.01234 0.00843 78.5 1 1501 0.000000
-752.2 202.2 -0.03891 0.02562 7.6 1 1501 0.000000
-517.9 152.7 -0.01710 0.00466 94.2 1 1501 0.000000
-218.3 338.2 0.00311 0.01123 112.1 1 1501 0.000000
-355.4 354.0 0.00124 0.00037 158.6 1 1501 0.000000
-296.3 276.2 -0.00252 0.01121 163.8 1 1501 0.000000
-115.2 221.7 0.00639 0.00744 130.4 1 1501 0.000000
-714.8 15.3 -0.02471 -0.00974 31.7 1 1501 0.000000
20.9 -161.6 0.00982 -0.01138 91.3 1 1501 0.000000
-274.3 -7.8 -0.00143 -0.00907 145.5 1 1501 0.000000
-281.9 -65.6 -0.00151 -0.00981 156.8 1 1501 0.000000
-66.9 345.7 0.00721 0.01150 118.7 1 1501 0.000000
-552.7 207.1 -0.01675 -0.00347 92.8 1 1501 0.000000
373.1 329.9 0.02528 0.00879 68.7 1 1501 0.000000
-525.7 76.1 -0.01629 -0.00277 65.2 1 1501 0.000000
-184.0 520.8 0.00339 0.02182 90.2 1 1501 0.000000
427.4 143.8 0.01926 -0.00140 51.4 1 1501 0.000000
-92.9 505.3 0.00779 0.02171 61.4 1 1501 0.000000
-383.5 295.3 -0.00526 -0.00428 42.4 1 1501 0.000000
-340.4 187.4 -0.00536 -0.00471 176.9 1 1501 0.000000
-274.4 205.6 -0.00595 -0.00499 59.8 1 1501 0.000000
-189.5 52.0 0.00020 -0.00908 138.1 1 1501 0.000000
-198.0 139.2 0.00623 0.00520 135.5 1 1501 0.000000
-356.9 176.0 -0.00809 0.00840 77.2 1 1501 0.000000
-384.4 478.5 0.04828 0.03394 0.4 1 1501 0.000000
-137.0 286.1 0.00644 0.00949 123.1 1 1501 0.000000
-2.3 382.0 -0.00084 -0.00711 14.8 1 1501 0.000000
-603.7 174.2 -0.01494 0.00050 74.2 1 1501 0.000000
-38.4 259.5 0.01053 0.00693 141.7 1 1501 0.000000
-579.8 -99.3 -0.01397 -0.01528 43.7 1 1501 0.000000
-322.5 -316.4 -0.00846 -0.03027 8.4 1 1501 0.000000
-252.2 236.3 0.00570 -0.00357 76.6 1 1501 0.000000
-647.8 413.9 -0.01255 0.02394 22.0 1 1501 0.000000
-618.1 272.6 -0.01712 -0.00033 13.3 1 1501 0.000000
-427.4 281.9 -0.01087 0.00747 119.8 1 1501 0.000000
-415.8 -287.5 -0.02727 -0.00365 12.5 1 1501 0.000000
-337.2 162.3 -0.00733 0.00583 133.1 1 1501 0.000000
349.5 343.9 0.01374 0.00292 136.6 -1 1501 0.000000
-428.2 -39.3 -0.00666 -0.00959 74.3 1 1501 0.000000
170.4 309.5 0.01388 0.00665 167.2 1 1501 0.000000
-183.2 385.2 0.00783 0.00125 120.0 1 1501 0.000000
260.7 124.5 0.01385 0.00000 19.4 1 1501 0.000000
-454.8 137.7 -0.01211 -0.00523 131.3 1 1501 0.000000
-281.2 307.2 -0.00360 0.01233 131.7 1 1501 0.000000
-201.8 179.9 -0.00497 0.00703 123.2 1 1501 0.000000
-253.7 -20.7 -0.00184 0.00270 53.6 1 1501 0.000000
154.9 191.1 0.01370 0.00119 141.4 1 1501 0.000000
-462.2 426.5 -0.00745 0.01007 85.0 1 1501 0.000000
-368.4 170.2 -0.00828 -0.00434 101.6 1 1501 0.000000
-574.6 479.2 -0.01523 0.01242 51.8 1 1501 0.000000
-220.9 374.2 0.00704 -0.00096 82.4 1 1501 0.000000
-180.7 93.7 0.00349 -0.00704 139.7 1 1501 0.000000
192.7 245.5 0.01326 0.00233 159.2 1 1501 0.000000
-260.5 362.3 -0.00153 0.01159 174.6 1 1501 0.000000
188.2 246.4 -0.03374 0.18104 0.5 1 1501 0.000000
-52.7 305.1 -0.00118 0.00345 122.3 1 1501 0.000000
-166.9 181.2 0.00534 -0.00525 99.8 1 1501 0.000000
-436.6 -4.1 -0.00126 -0.00289 92.4 1 1501 0.000000
-519.9 373.8 -0.01261 0.01178 100.0 1 1501 0.000000
-446.6 203.6 -0.01086 0.00033 111.6 1 1501 0.000000
-478.4 255.6 -0.01776 0.00456 97.3 1 1501 0.000000
93.4 195.9 0.01480 -0.00209 94.2 1 1501 0.000000
-224.0 123.9 -0.00446 0.00521 134.8 1 1501 0.000000
-335.3 163.8 0.00158 0.00630 140.9 1 1501 0.000000
-303.5 265.6 0.00141 -0.00310 136.8 1 1501 0.000000
263.6 54.3 0.02021 -0.00478 78.4 1 1501 0.000000
-469.3 222.3 -0.01252 0.00301 116.6 1 1501 0.000000
-404.4 689.6 -0.02607 -0.00327 1.8 1 1501 0.000000
24.9 50.7 0.00303 0.00643 79.0 1 1501 0.000000
-482.5 117.7 -0.01121 -0.01341 54.3 1 1501 0.000000
133.4 211.7 0.01268 0.00164 132.5 1 1501 0.000000
-569.0 129.9 -0.02811 -0.00976 28.5 1 1501 0.000000
-379.2 183.5 -0.01038 0.00388 157.6 1 1501 0.000000
0.1 71.8 0.01293 -0.00075 111.6 1 1501 0.000000
-9.5 334.6 0.01150 0.00893 100.6 1 1501 0.000000
-651.9 301.5 -0.01690 0.00564 34.1 1 1501 0.000000
-147.5 -130.9 0.00099 -0.01355 128.0 1 1501 0.000000
-15.0 413.9 0.00818 0.01073 146.6 1 1501 0.000000
487.7 -42.0 0.01469 -0.00381 83.5 -1 1501 0.000000
154.3 101.0 0.01901 -0.00351 15.6 1 1501 0.000000
-232.0 442.3 -0.00165 0.01897 88.1 1 1501 0.000000
57.2 485.6 0.01541 0.00876 25.2 1 1501 0.000000
-514.9 233.7 -0.01031 0.00036 78.4 1 1501 0.000000
-237.0 279.6 -0.00080 0.01091 157.9 1 1501 0.000000
-187.7 -93.6 0.00263 -0.01208 122.6 1 1501 0.000000
-391.9 278.8 -0.00822 0.00856 149.8 1 1501 0.000000
-63.4 537.7 0.00202 0.01954 58.5 1 1501 0.000000
-381.7 315.7 -0.01298 -0.00242 30.6 -1 1501 0.000000
-266.1 -119.7 -0.01036 -0.00604 162.1 1 1501 0.000000
-277.2 24.5 0.00024 -0.01035 138.2 1 1501 0.000000
-584.7 498.6 -0.01572 0.01535 6.1 1 1501 0.000000
-121.6 -198.7 0.00609 -0.01022 54.8 1 1501 0.000000
267.5 3.4 0.01416 -0.00616 126.3 1 1501 0.000000
-239.5 213.0 0.00360 0.00952 110.5 1 1501 0.000000
13.0 -73.0 0.00228 -0.00058 99.7 1 1501 0.000000
-549.5 110.4 -0.01743 0.00380 35.1 1 1501 0.000000
-519.8 356.5 -0.01307 0.01221 83.5 1 1501 0.000000
-615.9 -126.0 -0.01778 -0.00178 21.5 1 1501 0.000000
-192.6 396.5 0.00307 0.01364 120.1 1 1501 0.000000
-376.4 312.5 -0.00805 0.00987 134.5 1 1501 0.000000
-140.6 80.4 0.00527 -0.00681 133.8 1 1501 0.000000
-719.4 214.5 -0.03385 0.00835 38.3 1 1501 0.000000
-91.9 -55.0 0.00672 -0.00999 107.3 1 1501 0.000000
447.9 -111.0 0.01853 0.00256 23.8 1 1501 0.000000
111.0 367.1 0.01186 0.00918 181.0 1 1501 0.000000
-265.8 301.9 -0.00740 0.01043 93.4 1 1501 0.000000
201.0 170.4 0.01851 0.00236 111.1 1 1501 0.000000
-14.6 37.9 0.00903 -0.00635 135.2 1 1501 0.000000
-334.9 301.9 -0.00620 0.01073 126.6 1 1501 0.000000
116.8 85.0 0.01347 -0.00406 141.0 1 1501 0.000000
-330.4 229.8 -0.00787 -0.00233 110.0 1 1501 0.000000
112.6 622.0 0.03871 0.02210 13.3 1 1501 0.000000
-199.2 -112.0 0.00121 -0.01322 114.0 1 1501 0.000000
-153.1 -272.0 -0.00160 -0.01751 61.6 1 1501 0.000000
-26.6 127.9 0.02511 -0.00791 8.3 1 1501 0.000000
-94.3 -51.4 0.00203 0.00205 119.7 1 1501 0.000000
-447.6 170.6 -0.01243 -0.00241 121.9 1 1501 0.000000
312.8 189.3 0.02072 0.00312 111.2 1 1501 0.000000
206.7 39.7 0.01905 -0.00639 88.0 1 1501 0.000000
153.8 -4.0 0.01607 -0.00826 83.4 1 1501 0.000000
-509.5 273.3 -0.01442 0.01532 69.6 1 1501 0.000000
-250.5 93.9 -0.00463 0.00421 167.2 1 1501 0.000000
-274.2 279.7 -0.00768 -0.00257 91.2 1 1501 0.000000
-170.9 175.7 0.00713 0.00638 114.8 1 1501 0.000000
-93.0 61.4 0.00653 -0.00665 137.4 1 1501 0.000000
-416.7 206.6 -0.01278 0.00122 125.3 1 1501 0.000000
173.8 408.8 0.01670 0.01273 80.5 1 1501 0.000000
-264.8 231.7 0.00218 0.00981 117.5 1 1501 0.000000
-41.2 358.4 0.00901 0.01142 93.3 1 1501 0.000000
321.1 188.8 0.01733 0.00630 95.0 1 1501 0.000000
-60.0 -381.8 0.00979 -0.01850 30.5 1 1501 0.000000
-474.5 -201.6 -0.02730 -0.00328 39.4 1 1501 0.000000
-393.1 375.3 -0.00659 0.01176 120.4 1 1501 0.000000
-693.3 130.9 -0.02370 -0.01045 38.8 1 1501 0.000000
-279.9 384.8 -0.00263 0.01351 151.3 1 1501 0.000000
-298.2 423.1 -0.00255 0.01371 139.1 1 1501 0.000000
95.5 182.4 0.01456 -0.00049 113.9 1 1501 0.000000
-386.9 208.0 -0.00900 0.00723 134.5 1 1501 0.000000
68.2 -176.0 0.01409 -0.01339 57.4 1 1501 0.000000
277.9 130.6 0.02086 0.00235 80.6 1 1501 0.000000
-453.3 -149.4 -0.01005 -0.01191 79.7 1 1501 0.000000
-132.8 332.7 -0.00322 0.00034 145.4 1 1501 0.000000
-205.7 1.4 0.00174 -0.01135 120.9 1 1501 0.000000
-23.0 -75.4 0.01344 -0.01662 14.4 1 1501 0.000000
-277.2 266.6 -0.00199 0.01104 137.7 1 1501 0.000000
-429.9 420.7 -0.00854 0.01304 107.1 1 1501 0.000000
-538.0 -221.9 -0.01469 -0.03286 27.0 1 1501 0.000000
-373.2 -194.1 -0.00205 -0.01354 60.2 1 1501 0.000000
-246.4 221.2 0.00476 -0.00830 29.8 1 1501 0.000000
-364.3 -210.1 -0.01466 -0.01206 46.1 1 1501 0.000000
-183.9 103.9 -0.00411 -0.00717 94.4 1 1501 0.000000
288.8 319.1 0.02024 0.00373 80.4 1 1501 0.000000
-245.0 -121.0 -0.00007 -0.01157 149.7 1 1501 0.000000
-679.5 285.1 -0.02009 0.00876 43.0 1 1501 0.000000
-237.7 584.4 0.00319 0.01795 43.5 1 1501 0.000000
295.5 488.7 0.00836 0.00530 14.9 1 1501 0.000000
-170.0 266.0 0.00435 0.00932 144.0 1 1501 0.000000
-580.6 67.6 -0.01294 0.00083 30.4 1 1501 0.000000
-183.2 -421.4 -0.00990 -0.00356 22.4 -1 1501 0.000000
-296.7 316.4 0.00244 -0.00172 82.6 1 1501 0.000000
393.6 306.9 0.01876 -0.00338 77.8 -1 1501 0.000000
470.9 190.6 0.02614 0.00270 62.3 1 1501 0.000000
-404.3 43.2 -0.00967 -0.00775 102.1 1 1501 0.000000
-488.5 483.1 -0.00456 0.00898 47.1 1 1501 0.000000
-328.5 97.3 -0.00711 0.00612 109.2 1 1501 0.000000
-234.9 280.8 0.00350 -0.00246 108.6 1 1501 0.000000
-425.1 341.5 -0.01352 0.00585 150.8 1 1501 0.000000
228.4 280.2 0.01653 0.00284 117.9 1 1501 0.000000
-261.9 367.9 -0.00093 0.01224 171.1 1 1501 0.000000
34.2 -1.1 0.00981 -0.00674 153.5 1 1501 0.000000
-63.1 435.1 0.00691 0.01164 98.5 1 1501 0.000000
-326.5 -49.5 -0.00952 -0.00372 147.0 1 1501 0.000000
-246.9 348.8 -0.00197 0.01369 63.0 1 1501 0.000000
-6.2 351.8 0.01007 0.00940 141.0 1 1501 0.000000
-364.3 503.8 -0.00491 0.01031 55.8 1 1501 0.000000
101.7 164.6 0.01592 0.00131 120.9 1 1501 0.000000
-523.6 135.4 -0.01479 -0.00524 54.1 1 1501 0.000000
-118.9 389.0 -0.00774 0.01021 103.8 -1 1501 0.000000
-270.4 -4.9 -0.00011 -0.00984 130.5 1 1501 0.000000
-185.5 117.3 0.00730 0.00539 80.5 1 1501 0.000000
75.8 -35.1 -0.00039 -0.00898 158.4 -1 1501 0.000000
-366.5 295.0 -0.00709 0.01003 120.0 1 1501 0.000000
-283.5 104.6 -0.00317 -0.00601 116.1 1 1501 0.000000
-190.8 58.6 -0.00298 0.00833 54.8 1 1501 0.000000
-698.8 169.8 -0.01880 -0.00838 19.8 1 1501 0.000000
-363.1 235.2 -0.00805 -0.00288 112.1 1 1501 0.000000
630.4 188.3 0.01696 0.00180 47.8 1 1501 0.000000
-352.2 551.7 0.00701 0.00848 51.1 1 1501 0.000000
-402.8 426.5 -0.01098 0.00653 88.8 1 1501 0.000000
154.0 -12.7 0.01311 -0.00688 137.0 1 1501 0.000000
391.5 220.7 0.01857 0.00066 75.0 1 1501 0.000000
66.4 246.5 0.01271 0.00330 135.3 1 1501 0.000000
-67.9 372.2 0.01166 0.00159 71.1 1 1501 0.000000
-686.7 541.0 -0.01000 0.01285 9.5 1 1501 0.000000
-217.5 335.0 0.00044 0.01207 154.4 1 1501 0.000000
-305.5 380.6 -0.00344 0.01200 134.6 1 1501 0.000000
-405.9 199.9 -0.01013 -0.00372 151.1 1 1501 0.000000
-361.2 325.2 -0.00843 0.01067 95.2 1 1501 0.000000
-259.8 438.5 -0.00107 0.00866 109.3 1 1501 0.000000
-124.7 41.1 0.01177 -0.00200 31.4 1 1501 0.000000
332.6 412.7 0.02331 0.00862 64.9 1 1501 0.000000
-483.3 63.5 -0.01011 0.00094 78.4 1 1501 0.000000
-187.3 50.6 0.00813 -0.01537 13.0 1 1501 0.000000
-138.9 333.6 0.00565 0.01115 127.0 1 1501 0.000000
-475.4 527.2 -0.00716 0.00535 42.2 1 1501 0.000000
-442.1 179.4 -0.01052 -0.00043 123.6 1 1501 0.000000
-185.7 35.1 0.00257 -0.00926 166.9 1 1501 0.000000
-369.4 381.8 -0.00652 0.01142 149.2 1 1501 0.000000
-222.4 -539.7 0.01224 -0.03788 15.3 1 1501 0.000000
-24.4 102.7 0.00079 0.00856 51.1 1 1501 0.000000
-305.5 316.1 -0.00427 0.01263 113.5 1 1501 0.000000
-271.0 435.4 -0.00104 0.01567 141.9 1 1501 0.000000
-131.7 644.5 0.00443 0.02306 51.4 1 1501 0.000000
5.9 524.8 0.00363 0.00843 21.1 1 1501 0.000000
52.8 242.3 0.01116 0.00249 141.1 1 1501 0.000000
-193.3 297.3 -0.00490 -0.00123 112.7 1 1501 0.000000
190.0 286.6 0.00412 0.01142 167.9 -1 1501 0.000000
-616.1 124.5 -0.02476 -0.01452 27.1 1 1501 0.000000
295.0 73.0 0.01033 -0.00258 137.0 -1 1501 0.000000
-474.8 189.5 -0.01235 0.00673 111.9 1 1501 0.000000
-199.8 105.0 0.00446 -0.00640 126.0 1 1501 0.000000
6.3 281.4 0.00974 0.00707 135.2 1 1501 0.000000
454.6 131.3 0.02921 -0.00424 61.3 1 1501 0.000000
-341.2 402.0 -0.00699 0.01601 91.7 1 1501 0.000000
276.0 283.7 0.01881 0.00551 101.6 1 1501 0.000000
-104.7 430.7 0.00904 0.01414 88.5 1 1501 0.000000
220.5 151.2 0.01004 0.00159 32.9 1 1501 0.000000
-534.3 160.6 -0.01122 -0.00409 51.9 1 1501 0.000000
16.6 -282.1 -0.01081 -0.00408 22.6 1 1501 0.000000
-699.6 286.0 -0.01238 -0.01851 11.5 1 1501 0.000000
138.4 140.0 0.01430 -0.00185 136.7 1 1501 0.000000
543.3 243.9 0.02496 -0.00013 33.0 1 1501 0.000000
247.5 490.9 0.01763 0.01038 67.0 1 1501 0.000000
15.6 -88.4 0.01005 -0.01094 99.8 1 1501 0.000000
-62.9 375.0 0.00620 0.00983 175.0 1 1501 0.000000
-233.1 327.4 0.00058 0.01269 138.9 1 1501 0.000000
-198.9 533.4 0.00972 0.01893 100.9 1 1501 0.000000
159.7 73.0 0.01527 -0.00092 122.5 1 1501 0.000000
-87.0 270.9 -0.00023 -0.00287 81.4 1 1501 0.000000
-470.1 119.0 -0.01690 -0.00103 115.4 1 1501 0.000000
-201.9 485.8 0.00041 0.01464 106.5 1 1501 0.000000
-636.4 223.4 -0.01808 0.00356 44.8 1 1501 0.000000
210.5 37.8 0.00037 0.00350 20.6 1 1501 0.000000
-23.6 366.8 0.00917 0.01035 122.4 1 1501 0.000000
-181.0 329.5 0.00252 0.01132 167.6 1 1501 0.000000
480.3 74.6 0.01739 -0.00900 38.0 1 1501 0.000000
-186.6 349.6 -0.00274 0.00029 133.3 1 1501 0.000000
95.9 301.5 0.01228 0.00365 160.6 1 1501 0.000000
21.3 129.0 0.01271 -0.00246 140.1 1 1501 0.000000
182.8 162.3 0.01476 0.00077 132.3 1 1501 0.000000
162.3 111.7 0.01474 -0.00287 127.4 1 1501 0.000000
150.6 -366.6 -0.00286 -0.05280 16.7 1 1501 0.000000
-256.4 292.1 0.00048 0.01105 168.3 1 1501 0.000000
514.7 -95.7 0.01327 -0.00106 40.9 1 1501 0.000000
-440.5 324.7 -0.01634 0.00263 93.9 1 1501 0.000000
-435.3 -177.1 -0.00346 -0.00644 78.9 1 1501 0.000000
-29.0 -43.4 0.00919 -0.01018 88.0 1 1501 0.000000
-343.7 110.4 -0.00679 -0.00556 144.0 1 1501 0.000000
249.0 -57.2 0.01494 -0.01019 66.2 1 1501 0.000000
-402.1 178.5 -0.00852 0.00544 139.5 1 1501 0.000000
-414.7 174.0 -0.01350 0.00091 116.8 1 1501 0.000000
45.6 218.9 0.01318 0.00314 122.1 1 1501 0.000000
-537.2 -107.7 -0.00782 -0.00937 46.1 1 1501 0.000000
-290.3 127.7 0.00255 0.00599 127.7 1 1501 0.000000
260.2 150.7 0.01762 0.00114 119.8 1 1501 0.000000
-412.4 540.1 -0.00733 0.01759 84.7 1 1501 0.000000
-314.9 117.0 -0.00365 -0.00645 190.7 1 1501 0.000000
45.5 157.0 0.01322 -0.00229 149.7 1 1501 0.000000
-84.9 68.5 0.01099 0.00015 89.1 1 1501 0.000000
-307.5 187.4 -0.00498 -0.00572 132.7 1 1501 0.000000
-281.0 342.0 -0.00431 0.01265 111.8 1 1501 0.000000
-146.2 166.1 0.00599 0.00719 110.1 1 1501 0.000000
-454.3 12.3 -0.00673 0.00101 46.7 1 1501 0.000000
-328.5 233.7 -0.00645 -0.00297 133.8 1 1501 0.000000
-232.2 170.1 0.00339 -0.00452 134.7 1 1501 0.000000
-752.2 144.0 -0.04756 -0.01446 20.4 1 1501 0.000000
-319.8 773.8 0.03515 0.07223 1.4 1 1501 0.000000
185.2 454.7 0.00005 0.01339 118.3 -1 1501 0.000000
-184.9 422.2 0.00244 0.01098 120.8 1 1501 0.000000
-3.9 243.2 0.01166 0.00675 124.6 1 1501 0.000000
-337.3 75.6 0.00521 0.00564 23.8 1 1501 0.000000
-490.9 303.4 -0.01354 0.01245 62.7 1 1501 0.000000
-728.4 39.5 -0.06297 -0.00710 7.6 1 1501 0.000000
-166.6 246.4 0.00614 0.00673 131.8 1 1501 0.000000
-173.9 -442.6 0.00147 -0.00690 14.1 1 1501 0.000000
-245.0 100.5 -0.00620 0.00518 105.1 1 1501 0.000000
768.8 179.5 0.02489 -0.00214 21.1 1 1501 0.000000
-56.7 283.6 0.00968 -0.00132 84.7 1 1501 0.000000
263.1 125.1 0.01957 -0.00203 69.0 1 1501 0.000000
102.1 385.4 0.01183 0.00919 147.7 1 1501 0.000000
362.7 155.8 0.02234 -0.00334 68.8 1 1501 0.000000
-456.1 125.5 -0.01171 -0.00598 60.9 1 1501 0.000000
-266.1 189.1 -0.00514 -0.00412 160.8 1 1501 0.000000
389.1 -57.1 0.03037 -0.02127 35.1 1 1501 0.000000
-197.1 236.5 0.00268 0.01026 122.8 1 1501 0.000000
-6.1 154.2 0.01231 0.00120 135.0 1 1501 0.000000
-419.6 43.0 -0.00457 -0.00273 127.7 1 1501 0.000000
178.7 212.0 0.01687 0.00114 114.5 1 1501 0.000000
271.4 232.5 0.01759 0.00086 134.5 1 1501 0.000000
-492.5 73.8 -0.01400 -0.00501 88.1 1 1501 0.000000
-237.4 243.4 -0.00146 -0.00576 56.2 1 1501 0.000000
-59.9 -19.2 0.00386 0.00330 55.7 1 1501 0.000000
264.7 202.4 0.02131 0.00115 79.8 1 1501 0.000000
-184.2 47.9 0.00118 -0.00838 159.6 1 1501 0.000000
308.9 294.4 0.01898 0.01176 71.8 1 1501 0.000000
-399.9 561.8 -0.00041 0.01707 81.4 1 1501 0.000000
202.3 173.4 0.01746 -0.00032 106.8 1 1501 0.000000
45.7 -74.7 0.01035 -0.00984 127.0 1 1501 0.000000
-355.1 317.5 -0.00446 0.01115 150.5 1 1501 0.000000
-419.3 273.5 -0.00821 0.01110 137.5 1 1501 0.000000
-460.5 173.1 -0.01217 0.00047 98.4 1 1501 0.000000
-318.6 -5.7 0.00194 0.00196 159.3 1 1501 0.000000
-97.3 151.7 0.00106 -0.00727 32.7 1 1501 0.000000
-362.6 280.6 -0.00910 0.00839 148.9 1 1501 0.000000
-98.6 421.2 0.00690 0.01407 128.7 1 1501 0.000000
-36.9 101.4 0.01494 0.00735 34.5 1 1501 0.000000
-175.9 135.9 -0.00291 0.00655 106.7 1 1501 0.000000
-365.9 238.1 -0.00754 0.00637 175.3 1 1501 0.000000
83.6 99.4 0.01341 -0.00326 123.1 1 1501 0.000000
-125.0 290.6 0.00136 -0.00326 95.8 1 1501 0.000000
-179.4 571.2 -0.00057 0.03072 32.4 1 1501 0.000000
-215.9 363.8 0.00202 0.01398 134.3 1 1501 0.000000
-544.2 -72.0 -0.01378 -0.00503 24.5 1 1501 0.000000
-308.5 -140.7 -0.02099 0.00180 23.2 1 1501 0.000000
-321.6 207.4 -0.00501 0.00799 148.6 1 1501 0.000000
-174.5 171.9 0.00617 -0.00408 131.3 1 1501 0.000000
14.1 470.8 -0.00407 0.01515 58.2 1 1501 0.000000
758.9 325.2 0.01304 0.00970 11.1 1 1501 0.000000
-111.7 156.5 -0.00034 0.00750 154.7 1 1501 0.000000
-560.5 429.3 -0.04167 0.05298 7.5 1 1501 0.000000
-554.4 143.7 -0.01593 -0.00218 66.4 1 1501 0.000000
-582.1 188.8 -0.01479 -0.00706 71.6 1 1501 0.000000
-543.3 282.1 -0.01079 0.00698 21.0 1 1501 0.000000
-315.5 173.5 -0.00573 0.00660 130.3 1 1501 0.000000
2.3 254.7 0.01173 0.00612 147.1 1 1501 0.000000
-289.0 -135.2 -0.00702 -0.00198 111.6 1 1501 0.000000
110.3 65.7 0.01229 -0.00476 134.3 1 1501 0.000000
-54.3 46.7 0.00789 -0.00630 120.7 1 1501 0.000000
-206.6 400.3 -0.00462 0.01408 26.0 1 1501 0.000000
81.7 105.5 0.00283 0.00097 155.3 1 1501 0.000000
-2.4 326.4 0.01081 0.00999 89.9 1 1501 0.000000
-27.9 296.8 0.00923 0.00860 123.3 1 1501 0.000000
-412.9 233.3 -0.01252 0.00744 136.6 1 1501 0.000000
-252.3 559.2 -0.00087 0.01608 78.7 1 1501 0.000000
356.6 -97.4 0.01398 0.01734 8.1 1 1501 0.000000
-552.9 263.1 -0.01780 0.01050 76.3 1 1501 0.000000
283.4 16.1 0.01388 -0.00856 93.5 1 1501 0.000000
-703.0 266.0 -0.03388 -0.00578 6.5 1 1501 0.000000
374.8 -326.1 -0.02548 -0.02082 6.5 1 1501 0.000000
-143.5 569.6 0.00604 0.01178 47.7 1 1501 0.000000
97.1 154.5 -0.01017 0.00172 5.7 1 1501 0.000000
258.6 83.4 0.01942 -0.00395 111.1 1 1501 0.000000
37.0 381.2 0.01114 0.01029 114.6 1 1501 0.000000
-269.5 178.0 -0.00489 0.00849 127.4 1 1501 0.000000
105.9 296.2 0.01455 0.00728 126.5 1 1501 0.000000
-330.3 153.4 -0.00717 0.00482 134.7 1 1501 0.000000
69.1 156.2 0.01169 0.00106 166.0 1 1501 0.000000
-206.8 79.2 0.00140 -0.00876 161.9 1 1501 0.000000
-494.2 14.5 -0.00814 -0.00908 47.2 1 1501 0.000000
-388.4 249.1 -0.00992 -0.00121 102.8 1 1501 0.000000
-504.0 358.8 -0.01868 0.01305 66.5 1 1501 0.000000
-85.6 -26.2 0.00709 -0.00869 122.6 1 1501 0.000000
-575.0 -249.7 -0.06483 -0.02198 5.4 1 1501 0.000000
-228.2 95.6 -0.00492 0.00420 146.1 1 1501 0.000000
-4.1 188.2 0.01139 -0.00169 133.1 1 1501 0.000000
70.2 225.0 0.01182 0.00154 138.4 1 1501 0.000000
1.8 -22.3 0.01000 -0.00835 116.5 1 1501 0.000000
-512.4 109.4 -0.01411 -0.00675 46.0 1 1501 0.000000
-341.5 718.5 -0.03310 -0.00036 7.1 1 1501 0.000000
427.2 355.7 0.02033 0.00253 62.5 1 1501 0.000000
78.7 87.3 0.01100 -0.00373 161.1 1 1501 0.000000
489.8 159.3 0.02060 -0.00461 22.8 1 1451 0.000000
537.3 168.4 0.01969 -0.00484 35.3 1 1451 0.000000
41.0 168.6 0.01725 0.00467 11.5 -1 1451 0.000000
-568.4 27.7 -0.00222 -0.00843 22.4 1 1451 0.000000
109.0 347.1 0.01487 0.01039 80.4 1 1451 0.000000
469.6 381.9 0.03125 0.01376 37.4 1 1451 0.000000
68.8 259.8 -0.00213 0.01256 57.9 -1 1451 0.000000
-317.7 229.1 -0.00765 0.00690 122.2 1 1451 0.000000
-13.5 -120.8 0.01101 -0.01389 80.1 1 1451 0.000000
-82.0 370.2 0.00956 0.01163 84.3 1 1451 0.000000
24.8 -412.1 0.01602 -0.00747 9.4 1 1451 0.000000
-284.6 -0.9 -0.00619 0.00279 88.3 1 1451 0.000000
-310.9 127.2 -0.00795 0.00610 99.4 1 1451 0.000000
149.7 -175.7 0.01075 -0.01199 61.5 1 1451 0.000000
-24.8 466.6 0.00325 0.00341 16.9 1 1451 0.000000
118.0 198.8 0.01519 -0.00047 120.9 1 1451 0.000000
-667.9 59.4 0.00679 -0.00610 15.0 1 1451 0.000000
-522.0 -47.6 -0.02146 -0.00147 61.8 1 1451 0.000000
159.3 364.3 0.01373 0.00875 124.1 1 1451 0.000000
-328.1 211.9 -0.00853 -0.00349 107.2 1 1451 0.000000
-525.3 73.5 -0.02039 -0.01344 51.4 1 1451 0.000000
-31.7 35.9 0.01012 -0.00811 96.8 1 1451 0.000000
-610.8 -279.8 0.02470 0.02980 2.9 1 1451 0.000000
688.0 56.9 0.04335 -0.00950 23.4 1 1451 0.000000
200.2 602.9 0.01329 0.00149 8.7 1 1451 0.000000
297.7 476.0 0.02048 0.00718 60.2 1 1451 0.000000
-131.2 422.5 0.00407 0.01317 98.5 1 1451 0.000000
-43.9 638.1 0.02015 0.01693 18.0 1 1451 0.000000
452.7 278.4 0.02237 -0.00013 46.1 1 1451 0.000000
304.4 313.0 0.02155 0.00656 98.3 1 1451 0.000000
356.7 2.9 0.01763 -0.00246 63.6 1 1451 0.000000
-350.1 -102.4 -0.00427 -0.01140 148.2 1 1451 0.000000
-14.7 -192.8 0.00662 -0.01424 62.7 1 1451 0.000000
-97.5 517.0 -0.00772 0.01233 44.4 1 1451 0.000000
-1.1 -29.5 0.00504 -0.01255 5.7 1 1451 0.000000
-223.3 351.1 -0.00503 0.01321 55.4 1 1451 0.000000
-43.5 39.6 0.01019 -0.00777 111.0 1 1451 0.000000
28.9 -46.4 0.00998 -0.00938 105.5 1 1451 0.000000
-188.2 -125.3 0.00350 -0.01568 72.2 1 1451 0.000000
-365.4 498.3 0.00346 0.01536 71.7 1 1451 0.000000
235.6 -113.2 0.01699 -0.01128 64.6 1 1451 0.000000
-320.7 211.0 -0.00905 -0.00303 107.1 1 1451 0.000000
-127.2 468.2 0.15977 0.06209 1.0 1 1451 0.000000
-240.0 -168.6 0.00066 -0.00764 69.3 1 1451 0.000000
-197.4 317.9 -0.00496 -0.00033 139.7 1 1451 0.000000
-251.4 277.9 -0.00492 0.01116 76.8 1 1451 0.000000
-347.0 226.0 -0.00095 -0.00679 35.3 1 1451 0.000000
80.0 -100.9 0.01340 -0.01269 76.8 1 1451 0.000000
-147.2 490.2 -0.00081 0.02103 41.3 1 1451 0.000000
-160.6 468.3 -0.00115 0.01504 65.8 -1 1451 0.000000
446.6 230.0 0.02455 0.00716 55.9 1 1451 0.000000
-379.3 -52.0 -0.00662 -0.01017 114.4 1 1451 0.000000
-236.0 2.7 0.00577 0.00332 75.5 1 1451 0.000000
131.7 688.9 -0.00665 0.05185 9.4 -1 1451 0.000000
169.0 152.6 0.01739 -0.00454 81.1 1 1420 0.000000
-182.6 -263.3 0.00647 -0.01682 44.7 1 1420 0.000000
632.5 171.6 0.04067 0.00511 15.5 1 1420 0.000000
-637.0 364.4 -0.03676 0.00349 2.1 1 1420 0.000000
-532.2 143.6 -0.01019 0.00442 37.2 1 1420 0.000000
296.9 -116.1 0.00381 -0.01551 71.3 -1 1420 0.000000
-253.1 -331.9 0.00571 -0.00262 3.3 1 1420 0.000000
292.7 497.5 0.01289 0.01192 38.7 1 1420 0.000000
-311.8 90.0 -0.00889 0.00000 116.4 1 1420 0.000000
274.6 17.4 0.02022 -0.00481 56.2 1 1420 0.000000
-335.4 203.0 -0.01354 0.00252 107.5 -1 1420 0.000000
336.0 -355.3 0.00228 -0.02618 15.7 -1 1420 0.000000
92.6 270.2 0.00321 -0.00324 13.8 1 1420 0.000000
-28.8 -200.9 0.01865 -0.01653 10.2 1 1420 0.000000
-165.2 299.8 0.00649 0.01043 83.6 1 1420 0.000000
-211.5 88.8 -0.00505 -0.00846 30.2 1 1420 0.000000
49.7 262.7 0.01388 -0.00183 59.2 1 1420 0.000000
-25.6 -154.0 -0.00833 -0.01251 101.6 -1 1420 0.000000
-57.1 462.0 0.00883 0.00892 58.1 1 1420 0.000000
-188.9 186.5 -0.00401 0.00742 100.5 1 1420 0.000000
-425.0 174.5 -0.00677 -0.01028 18.8 1 1420 0.000000
493.5 442.0 0.02225 0.00324 69.0 -1 1420 0.000000
20.1 -189.8 0.01273 -0.02082 56.5 1 1420 0.000000
54.7 305.4 -0.09406 -0.15373 0.6 1 1420 0.000000
342.2 297.1 0.02371 0.00774 74.9 1 1420 0.000000
266.4 -140.0 0.02211 -0.01134 70.2 1 1420 0.000000
284.4 -67.5 0.01455 -0.00632 120.3 -1 1420 0.000000
-262.4 719.0 -0.03323 0.01832 3.4 -1 1420 0.000000
-506.0 231.6 -0.01009 0.00625 60.3 1 1420 0.000000
-600.0 118.5 -0.02133 0.00323 29.9 1 1420 0.000000
-524.0 370.1 -0.01615 0.01346 52.2 1 1420 0.000000
-364.3 100.3 -0.00882 -0.00737 67.0 1 1420 0.000000
-181.9 245.0 0.00727 0.00906 70.1 1 1420 0.000000
456.6 54.3 0.02347 -0.00540 48.3 1 1420 0.000000
-420.6 265.4 -0.00826 0.00514 115.2 1 1420 0.000000
-361.4 -254.9 -0.00468 -0.01379 38.1 1 1420 0.000000
-359.7 -187.4 -0.01409 -0.01305 61.4 1 1420 0.000000
37.5 147.4 -0.00472 -0.00246 27.1 -1 1420 0.000000
329.3 113.2 0.02439 0.00177 63.0 1 1420 0.000000
-666.9 -346.4 -0.05135 -0.00709 8.6 -1 1420 0.000000
344.5 -92.1 0.00503 -0.01543 9.4 1 1420 0.000000
300.2 461.7 0.00312 0.01917 72.1 -1 1420 0.000000
-110.2 -436.3 -0.00400 -0.01465 7.0 1 1420 0.000000
42.8 130.5 0.01273 0.00104 125.7 1 1420 0.000000
-37.4 -25.5 0.01116 -0.01097 40.9 1 1420 0.000000
-301.0 -30.4 -0.01597 -0.02644 2.5 -1 1420 0.000000
514.7 146.7 0.01909 0.00826 57.1 -1 1420 0.000000
108.9 486.2 0.00109 0.01142 81.2 -1 1420 0.000000
187.9 -237.0 0.01216 -0.03020 35.1 1 1420 0.000000
34.3 521.1 -0.00910 0.01589 43.4 -1 1413 0.000000
133.3 422.9 0.00221 0.01254 105.5 -1 1413 0.000000
645.0 330.5 0.00739 0.02377 21.4 -1 1413 0.000000
260.6 228.1 0.01206 0.01030 3.2 -1 1413 0.000000
-70.3 -116.7 0.00736 -0.01140 121.5 1 1413 0.000000
-32.0 510.2 -0.00441 0.01355 36.8 -1 1413 0.000000
143.3 406.9 -0.00080 0.01695 80.8 -1 1413 0.000000
83.1 223.3 0.01324 0.00084 133.5 1 1413 0.000000
253.2 22.1 0.00402 0.00414 69.7 -1 1413 0.000000
571.1 33.1 0.01760 -0.01002 35.1 -1 1413 0.000000
-188.5 290.8 0.00485 0.00952 120.7 1 1413 0.000000
-317.8 132.5 0.00221 0.00588 136.6 1 1413 0.000000
-68.7 -249.3 -0.01034 -0.00810 30.5 -1 1413 0.000000
156.3 547.8 0.02605 0.01840 21.1 1 1413 0.000000
-20.7 281.3 -0.00022 0.00146 57.2 -1 1413 0.000000
299.4 786.1 0.00879 0.03536 8.2 -1 1332 0.000000
431.2 86.8 0.01873 -0.00231 80.2 -1 1332 0.000000
-276.4 52.5 -0.00228 -0.00872 157.8 1 1332 0.000000
-233.9 143.6 -0.01011 0.00113 153.1 -1 1332 0.000000
-81.7 518.1 -0.00325 -0.00138 36.9 1 1332 0.000000
425.3 121.4 0.01047 -0.00528 53.2 -1 1332 0.000000
-499.6 666.8 -0.00695 0.01302 53.3 1 1332 0.000000
606.9 297.4 0.02160 0.00648 89.9 -1 1332 0.000000
-127.2 447.7 -0.00960 0.01364 119.3 -1 1332 0.000000
465.5 -35.2 0.01377 -0.00787 106.8 -1 1332 0.000000
309.9 -0.1 0.01039 0.00120 162.4 -1 1332 0.000000
354.0 431.0 0.01650 0.00524 95.7 -1 1332 0.000000
386.8 107.9 0.01693 -0.00189 89.1 -1 1332 0.000000
554.2 126.4 0.02248 -0.00279 39.2 -1 1332 0.000000
19.2 -325.2 -0.02478 0.00441 2.5 -1 1332 0.000000
54.3 50.2 -0.01476 0.00959 21.4 -1 1332 0.000000
99.4 -91.9 0.00047 -0.00929 144.6 -1 1332 0.000000
26.9 190.6 0.00916 0.01097 30.0 1 1332 0.000000
524.1 259.3 0.01314 -0.00018 100.3 -1 1332 0.000000
658.1 395.0 0.01394 0.00994 38.4 -1 1332 0.000000
-388.1 309.9 -0.01086 0.00277 152.1 1 1332 0.000000
617.7 99.1 0.01591 0.00223 52.5 -1 1332 0.000000
239.8 -115.6 0.00535 -0.01033 131.3 -1 1332 0.000000
169.2 234.7 0.00986 0.00368 200.4 -1 1332 0.000000
655.5 137.7 0.01745 -0.00383 48.3 -1 1332 0.000000
-300.9 147.2 -0.00327 -0.00659 146.9 1 1332 0.000000
-95.8 470.3 -0.00953 0.01734 110.4 -1 1332 0.000000
446.9 474.1 0.01226 0.00512 111.4 -1 1332 0.000000
629.1 289.5 0.02195 0.00727 34.6 -1 1332 0.000000
-765.5 144.7 -0.02447 -0.00332 35.0 1 1332 0.000000
402.1 316.2 0.01807 0.00839 32.7 -1 1332 0.000000
-304.9 205.7 -0.01153 0.00305 172.3 -1 1332 0.000000
-428.4 463.9 -0.00357 0.00655 61.0 1 1332 0.000000
-427.3 306.5 -0.00362 0.00821 88.9 1 1332 0.000000
-12.5 211.3 0.01054 0.00489 121.7 1 1332 0.000000
186.8 497.4 0.00706 0.01572 108.1 -1 1332 0.000000
-209.6 213.9 -0.00913 0.00218 167.9 -1 1332 0.000000
556.4 -105.9 0.02300 0.00537 20.0 1 1332 0.000000
-84.1 -13.6 -0.00154 0.00345 60.9 -1 1332 0.000000
228.1 231.2 0.00278 0.00932 141.2 -1 1332 0.000000
467.5 261.1 0.00921 0.02017 15.6 -1 1332 0.000000
263.4 600.6 -0.01217 0.01292 30.6 -1 1332 0.000000
593.6 203.6 0.01097 0.00324 78.7 -1 1332 0.000000
172.7 177.8 0.01774 0.00228 112.6 1 1332 0.000000
-201.6 199.8 0.00390 0.00789 130.1 1 1332 0.000000
-105.7 170.7 -0.00701 0.00182 114.8 -1 1332 0.000000
789.4 349.3 0.01904 0.01948 24.5 -1 1332 0.000000
-3.2 61.2 0.01018 -0.00598 112.8 1 1332 0.000000
541.0 264.4 0.01224 0.00193 77.3 -1 1332 0.000000
331.8 532.0 0.01328 0.01190 50.5 -1 1332 0.000000
-232.5 318.9 0.00068 0.00975 204.6 1 1332 0.000000
71.0 344.7 -0.00112 0.00971 185.9 -1 1332 0.000000
-286.6 340.3 -0.00432 0.01262 101.9 1 1332 0.000000
-301.9 220.5 -0.00988 0.00174 175.2 1 1332 0.000000
304.0 339.4 0.01358 0.00708 143.0 -1 1332 0.000000
673.7 305.9 0.01774 0.00299 52.0 -1 1332 0.000000
585.3 361.1 0.02127 0.01090 40.3 -1 1332 0.000000
12.6 -387.7 -0.01632 -0.03497 11.3 -1 1332 0.000000
189.0 411.1 0.00155 0.01202 77.3 -1 1332 0.000000
366.2 201.6 0.01527 0.00431 89.1 -1 1332 0.000000
568.9 368.8 0.02371 -0.01350 24.6 1 1332 0.000000
314.8 483.2 0.01081 0.00949 71.9 -1 1332 0.000000
-68.1 455.0 -0.00565 0.01877 68.1 -1 1332 0.000000
553.0 391.2 0.01531 0.00772 72.1 -1 1332 0.000000
358.1 380.3 0.00983 0.00528 103.9 -1 1332 0.000000
279.7 -233.7 0.05865 -0.03282 3.7 -1 1332 0.000000
510.8 195.6 0.02010 -0.00023 99.9 -1 1332 0.000000
-146.4 193.8 0.00807 0.00637 125.4 1 1332 0.000000
160.9 322.1 0.00276 0.01142 173.9 -1 1332 0.000000
542.5 41.8 0.02303 0.00525 57.4 -1 1332 0.000000
203.9 252.1 -0.15241 -0.00573 0.7 -1 1332 0.000000
-607.9 579.4 -0.07007 0.00648 7.6 -1 1332 0.000000
160.5 -43.9 0.01013 -0.00351 190.7 -1 1332 0.000000
44.8 426.3 -0.00021 0.01518 122.8 -1 1332 0.000000
210.4 -6.6 0.01464 -0.00633 114.1 1 1332 0.000000
606.7 249.6 0.01325 -0.00464 56.1 -1 1332 0.000000
187.3 288.4 0.00262 0.01064 160.1 -1 1332 0.000000
163.0 403.5 0.00028 0.01289 144.7 -1 1332 0.000000
-245.2 12.3 -0.01069 -0.00560 121.7 -1 1332 0.000000
-313.4 2.3 -0.01247 -0.00589 118.5 -1 1332 0.000000
-96.9 -159.8 0.01140 -0.01635 80.0 1 1332 0.000000
476.7 325.0 0.01665 0.00457 63.2 -1 1332 0.000000
270.0 506.0 0.00914 0.00261 29.3 -1 1332 0.000000
499.8 250.5 0.01349 -0.00008 106.7 -1 1332 0.000000
634.5 237.7 0.02377 0.00263 61.6 -1 1332 0.000000
437.1 535.5 0.02707 0.01435 18.8 -1 1332 0.000000
278.3 221.4 0.00973 0.01089 129.5 -1 1332 0.000000
326.9 516.6 0.01754 0.01235 80.8 -1 1332 0.000000
497.3 231.4 0.01288 0.01096 56.6 -1 1332 0.000000
345.0 298.6 0.01443 0.00668 122.0 -1 1332 0.000000
432.6 -83.0 0.01421 -0.00798 87.4 -1 1332 0.000000
421.9 256.6 0.01633 -0.00037 78.1 -1 1332 0.000000
442.5 133.8 0.01450 0.01203 82.6 -1 1332 0.000000
367.4 337.2 0.01371 0.00195 104.4 -1 1332 0.000000
99.3 595.2 0.00714 0.01425 7.6 -1 1332 0.000000
181.2 57.8 0.01017 -0.00098 179.5 -1 1332 0.000000
475.8 -148.1 0.01483 -0.01121 85.9 -1 1332 0.000000
367.6 78.9 0.01326 0.00018 113.3 -1 1332 0.000000
-357.7 301.1 -0.00894 -0.00110 91.8 1 1332 0.000000
-115.8 399.8 -0.00560 0.00961 88.2 -1 1332 0.000000
-176.1 127.8 -0.00780 -0.00026 177.1 -1 1332 0.000000
453.7 528.2 0.01500 0.00696 38.7 -1 1332 0.000000
-302.9 628.6 -0.03114 0.00596 12.8 1 1332 0.000000
-378.1 364.5 -0.00562 0.01030 176.6 1 1332 0.000000
543.9 201.2 0.01393 -0.00085 90.4 -1 1332 0.000000
293.1 41.5 0.01036 -0.00626 139.5 -1 1332 0.000000
93.8 -200.6 0.01442 0.00136 10.2 1 1332 0.000000
141.4 395.4 0.00201 0.01259 152.2 -1 1332 0.000000
460.9 278.1 0.02179 0.01302 80.2 -1 1332 0.000000
7.9 135.6 0.01307 0.00374 92.7 1 1332 0.000000
745.8 151.0 0.02850 0.00039 23.7 -1 1332 0.000000
-186.0 193.2 0.00378 -0.00367 173.2 1 1332 0.000000
266.7 165.3 0.02004 0.00317 96.6 1 1332 0.000000
502.1 484.2 0.01673 0.00582 46.6 -1 1332 0.000000
460.5 130.5 0.01665 -0.00029 105.6 -1 1332 0.000000
247.6 257.1 0.01146 0.00334 140.3 -1 1332 0.000000
270.7 445.8 0.00289 0.01433 131.3 -1 1332 0.000000
646.8 136.1 0.01498 0.00564 50.6 -1 1332 0.000000
217.3 197.5 0.01886 0.00221 99.7 1 1332 0.000000
306.1 -61.2 0.01379 0.00153 116.3 -1 1332 0.000000
-482.3 147.6 -0.01733 0.00059 129.0 1 1332 0.000000
281.2 283.2 0.00534 0.00762 118.8 -1 1332 0.000000
-59.0 467.1 -0.00525 0.01259 112.6 -1 1332 0.000000
-332.7 411.1 -0.01202 0.00675 101.2 -1 1332 0.000000
-228.2 364.2 0.00190 0.01283 134.9 1 1332 0.000000
533.5 402.9 0.01650 -0.00026 89.5 -1 1332 0.000000
410.9 332.6 0.02083 0.00209 64.0 1 1332 0.000000
620.2 638.7 0.01025 0.00127 13.9 -1 1332 0.000000
594.6 106.0 0.02362 -0.00072 72.5 -1 1332 0.000000
-115.0 501.5 0.00229 0.01580 79.7 1 1332 0.000000
365.8 -94.3 0.01396 -0.00524 117.3 -1 1332 0.000000
-147.5 407.7 0.00393 0.01337 117.8 1 1332 0.000000
-210.0 -53.0 0.00344 -0.01296 71.6 1 1332 0.000000
-163.3 -205.8 -0.00324 0.02367 8.1 1 1332 0.000000
328.8 280.4 0.01410 0.00850 139.0 -1 1332 0.000000
58.5 565.9 -0.00618 0.01929 49.6 -1 1332 0.000000
332.2 -22.2 0.01555 -0.00540 125.0 -1 1332 0.000000
-351.4 544.9 -0.01516 0.03117 62.7 1 1332 0.000000
281.4 82.3 0.01522 0.00007 172.6 -1 1332 0.000000
59.9 252.7 0.01219 0.00338 146.1 1 1332 0.000000
-374.3 317.9 -0.01495 0.00672 121.9 -1 1332 0.000000
-625.0 227.9 -0.02900 0.01205 29.5 -1 1332 0.000000
-137.9 401.5 -0.00658 0.00996 107.9 -1 1332 0.000000
143.1 590.6 0.00430 0.02539 42.2 -1 1332 0.000000
234.0 319.7 0.00399 0.01099 136.1 -1 1332 0.000000
-228.8 -8.5 -0.00998 0.00487 53.5 -1 1332 0.000000
578.8 187.6 0.00428 0.00554 69.9 -1 1332 0.000000
-679.8 47.9 -0.02094 -0.02808 10.0 1 1332 0.000000
286.9 408.9 0.00742 0.01491 101.3 -1 1332 0.000000
-656.0 570.5 -0.06371 -0.03447 1.1 1 1332 0.000000
-77.5 257.5 -0.00806 0.00374 32.9 -1 1332 0.000000
101.7 -377.8 -0.02761 -0.01461 3.7 -1 1332 0.000000
119.7 379.3 -0.00051 0.01404 126.3 -1 1332 0.000000
601.2 212.3 0.01509 0.00756 64.4 -1 1332 0.000000
294.0 -102.7 0.00770 -0.01450 102.0 -1 1332 0.000000
498.9 97.0 0.01803 -0.00686 95.3 -1 1332 0.000000
444.8 133.4 0.01745 0.00266 126.3 -1 1332 0.000000
90.1 -412.7 -0.01206 -0.00852 3.1 -1 1332 0.000000
279.0 618.7 0.00668 0.01238 69.7 -1 1332 0.000000
219.9 556.1 -0.00566 0.01280 65.4 -1 1332 0.000000
-472.1 123.8 -0.01260 0.00088 123.7 1 1332 0.000000
-213.0 132.4 0.00337 -0.00657 137.9 1 1332 0.000000
430.9 596.7 0.01071 0.01537 75.4 -1 1332 0.000000
405.8 -48.0 0.02183 0.00291 45.9 -1 1332 0.000000
280.5 322.1 0.00617 0.01057 154.7 -1 1332 0.000000
260.4 269.0 0.01820 0.00780 109.4 1 1332 0.000000
559.0 227.2 0.04166 -0.01622 21.7 1 1332 0.000000
546.2 310.4 0.01432 0.00348 50.1 -1 1332 0.000000
413.3 250.1 0.01194 0.00333 109.8 -1 1332 0.000000
265.1 -446.3 0.06997 0.00429 3.4 -1 1332 0.000000
239.8 14.2 0.00500 -0.00986 122.0 -1 1332 0.000000
-245.7 581.9 0.00462 -0.00527 10.2 -1 1332 0.000000
186.5 358.5 0.00374 0.01196 141.2 -1 1332 0.000000
385.6 212.0 0.01161 0.00082 114.0 -1 1332 0.000000
274.1 585.7 0.00928 0.00559 19.8 -1 1332 0.000000
-254.6 2.0 -0.00363 -0.00922 123.0 1 1332 0.000000
72.1 448.4 -0.00355 0.00959 112.5 -1 1332 0.000000
-183.7 283.0 0.00497 0.00863 130.4 1 1332 0.000000
486.2 256.2 0.01303 0.00562 111.2 -1 1332 0.000000
-393.0 390.4 0.04730 -0.03406 1.2 -1 1332 0.000000
-4.8 614.8 -0.01579 0.02400 54.2 -1 1332 0.000000
473.6 191.7 0.01405 0.00179 74.3 -1 1332 0.000000
47.7 537.9 0.00898 0.01490 39.3 1 1332 0.000000
-110.8 94.1 0.00542 -0.00553 161.3 1 1332 0.000000
-579.0 254.4 -0.01993 -0.00014 34.6 -1 1332 0.000000
-53.8 506.8 0.00121 0.00930 41.0 -1 1332 0.000000
430.0 229.5 0.00917 0.02042 21.7 -1 1332 0.000000
-34.7 57.6 0.01110 -0.00482 141.4 1 1332 0.000000
219.9 281.2 0.00409 0.01040 151.8 -1 1332 0.000000
118.6 177.3 0.01404 -0.00075 125.0 1 1332 0.000000
197.0 24.5 0.01119 -0.00172 186.2 -1 1332 0.000000
138.0 418.4 -0.00014 0.01392 144.6 -1 1332 0.000000
185.2 -8.6 0.00334 -0.01032 155.6 -1 1332 0.000000
450.0 16.0 0.00781 0.00083 42.8 -1 1332 0.000000
197.5 367.4 0.00453 0.01231 148.3 -1 1332 0.000000
514.6 184.9 0.01293 -0.01144 91.3 -1 1332 0.000000
-143.7 519.8 -0.01316 0.01913 33.1 -1 1332 0.000000
235.3 -182.8 0.00575 -0.00663 96.5 -1 1332 0.000000
-1.4 470.5 -0.00645 0.01414 65.0 -1 1332 0.000000
46.9 -225.9 0.01049 -0.01264 112.6 -1 1332 0.000000
164.2 369.8 0.01671 0.01040 82.9 1 1332 0.000000
420.9 190.9 0.01496 0.00604 54.0 -1 1332 0.000000
-337.5 386.6 -0.00371 0.01221 167.3 1 1332 0.000000
-244.1 545.4 0.00860 0.01919 107.4 1 1332 0.000000
109.0 196.2 0.01379 -0.00042 136.8 1 1332 0.000000
159.0 -248.8 -0.00331 0.00288 18.2 -1 1332 0.000000
-359.8 218.9 -0.00955 0.00457 167.1 1 1332 0.000000
-189.7 211.8 0.00505 -0.00406 111.5 1 1332 0.000000
181.5 404.2 0.00343 0.01298 124.6 -1 1332 0.000000
220.7 311.7 0.01028 0.00353 194.8 -1 1332 0.000000
659.8 232.4 0.01441 0.00653 69.1 -1 1332 0.000000
639.5 230.3 0.01106 0.00620 55.9 -1 1332 0.000000
-465.2 284.8 -0.01036 0.00938 99.9 1 1332 0.000000
248.1 -134.3 0.01117 -0.00261 127.1 -1 1332 0.000000
421.2 247.4 0.01868 0.00431 119.6 -1 1332 0.000000
-312.0 -77.3 0.00226 -0.01622 16.0 1 1332 0.000000
821.4 -111.6 0.03026 -0.04221 8.5 -1 1332 0.000000
385.3 478.2 0.01484 0.02167 25.8 1 1332 0.000000
-239.3 252.1 0.00620 0.00988 78.8 1 1332 0.000000
473.6 -93.3 0.01738 0.01002 22.4 -1 1332 0.000000
-321.1 238.1 -0.00703 0.00660 161.2 1 1332 0.000000
-269.1 166.1 -0.01065 0.00186 168.5 -1 1332 0.000000
-53.1 152.2 0.00876 -0.00532 89.1 1 1332 0.000000
547.8 316.9 0.01696 0.00328 96.7 -1 1332 0.000000
-41.3 -509.5 -0.03856 -0.03579 3.3 -1 1332 0.000000
261.4 -452.1 -0.00126 -0.01808 14.3 -1 1332 0.000000
-201.0 215.2 0.00448 0.00745 149.5 1 1332 0.000000
-255.9 152.7 -0.00676 0.00469 146.7 1 1332 0.000000
-33.6 304.0 -0.00456 0.01070 137.7 -1 1332 0.000000
88.4 504.0 0.00314 0.01273 64.6 -1 1332 0.000000
-166.9 291.5 -0.00780 0.00373 192.8 -1 1332 0.000000
456.7 300.3 0.01409 0.00578 80.4 -1 1332 0.000000
-193.8 -109.8 0.00152 -0.01043 162.1 1 1332 0.000000
168.7 257.5 0.00310 0.00985 175.6 -1 1332 0.000000
190.9 287.1 0.00254 0.01152 131.1 -1 1332 0.000000
-33.4 113.7 0.01110 0.00319 125.6 1 1332 0.000000
-306.8 318.2 -0.00547 0.01252 99.4 1 1332 0.000000
468.5 363.4 -0.02708 -0.03197 3.3 -1 1332 0.000000
229.6 -133.3 0.00666 -0.01740 108.1 -1 1332 0.000000
-265.1 96.3 -0.00392 -0.00533 165.6 1 1332 0.000000
561.9 517.7 0.00168 -0.00579 8.8 -1 1332 0.000000
188.9 384.5 0.00280 0.01253 164.6 -1 1332 0.000000
144.4 336.5 0.00114 0.01229 126.1 -1 1332 0.000000
138.5 321.1 -0.00049 0.00985 99.0 -1 1332 0.000000
-150.1 307.5 0.00199 -0.00283 88.9 1 1332 0.000000
445.4 119.9 0.02545 0.00531 87.2 -1 1332 0.000000
31.3 17.6 -0.00302 -0.00727 95.5 -1 1332 0.000000
226.1 398.4 0.00693 0.01327 104.7 -1 1332 0.000000
-480.3 -5.6 -0.02592 -0.00893 54.6 -1 1332 0.000000
-247.5 277.3 -0.00044 0.01055 172.4 1 1332 0.000000
-342.5 107.5 -0.00402 -0.00619 183.9 1 1332 0.000000
437.2 280.1 0.00999 0.00730 116.9 -1 1332 0.000000
-128.4 -69.7 -0.00708 -0.00830 116.2 -1 1332 0.000000
289.5 -258.0 -0.05613 0.03868 1.4 -1 1332 0.000000
-301.7 251.8 -0.00535 0.01039 101.6 1 1332 0.000000
665.2 161.4 0.01633 -0.00314 53.1 -1 1332 0.000000
-215.5 170.0 -0.00931 0.00166 165.1 -1 1332 0.000000
143.7 -213.4 0.01415 -0.01037 71.9 -1 1332 0.000000
-154.1 725.3 -0.00314 0.03304 28.1 -1 1332 0.000000
74.8 791.9 -0.00152 0.05148 14.8 -1 1332 0.000000
411.9 596.8 0.02037 0.02089 31.3 -1 1332 0.000000
189.7 485.8 -0.00252 0.01430 60.1 -1 1332 0.000000
150.5 -68.5 0.00200 -0.01184 142.5 -1 1332 0.000000
-183.1 256.3 0.00483 -0.00249 151.9 1 1332 0.000000
285.7 271.9 0.00202 -0.00356 24.0 -1 1332 0.000000
263.2 286.0 0.01627 0.00358 93.7 1 1332 0.000000
-561.7 268.9 -0.00847 -0.00016 69.6 1 1332 0.000000
458.5 421.1 0.01478 0.00623 93.9 -1 1332 0.000000
-276.8 177.1 -0.00714 0.00524 142.2 1 1332 0.000000
672.9 247.9 0.02870 -0.00095 12.0 -1 1332 0.000000
323.9 -53.0 0.00391 -0.00997 98.4 -1 1332 0.000000
201.2 383.6 0.00338 0.01380 178.2 -1 1332 0.000000
579.6 113.3 0.02093 0.00032 78.0 -1 1332 0.000000
538.3 166.2 0.01638 0.00090 101.8 -1 1332 0.000000
43.3 360.0 -0.00297 0.01233 122.8 -1 1332 0.000000
329.3 488.8 0.00684 0.01884 82.5 -1 1332 0.000000
-539.4 160.7 -0.01165 0.00251 26.2 1 1332 0.000000
225.3 65.1 0.00433 0.01804 9.3 1 1332 0.000000
290.8 -90.2 0.01257 -0.00528 149.2 -1 1332 0.000000
-252.3 695.7 0.02839 0.04161 12.2 1 1332 0.000000
516.8 215.7 0.00767 0.00230 68.4 -1 1332 0.000000
270.6 547.4 0.01332 0.01661 43.9 -1 1332 0.000000
55.9 472.7 0.00355 0.01809 63.8 -1 1332 0.000000
-361.7 241.4 -0.01464 0.00269 102.4 -1 1332 0.000000
-472.9 -251.1 -0.02387 -0.04663 7.3 1 1332 0.000000
476.1 117.3 0.01613 -0.00086 86.1 -1 1332 0.000000
-583.2 -367.1 -0.01791 0.01800 7.7 -1 1332 0.000000
-287.5 585.8 -0.00261 0.01614 43.7 1 1332 0.000000
-325.9 -216.7 -0.01181 -0.01196 61.2 -1 1332 0.000000
576.2 231.5 0.01556 0.00539 84.3 -1 1332 0.000000
60.9 472.6 0.00163 0.01200 80.4 -1 1332 0.000000
464.8 225.0 0.01409 0.00128 99.8 -1 1332 0.000000
-319.7 171.9 -0.00743 0.00667 95.8 1 1332 0.000000
-329.1 44.5 0.00301 -0.00964 66.4 1 1332 0.000000
284.6 186.7 0.01181 0.00084 133.3 -1 1332 0.000000
400.8 58.6 0.01559 -0.00471 118.7 -1 1332 0.000000
7.5 72.4 -0.00207 0.00723 103.3 -1 1332 0.000000
53.3 -18.2 -0.00237 -0.01297 26.3 1 1332 0.000000
-505.2 307.8 -0.01810 0.00188 66.4 1 1332 0.000000
-99.2 318.8 0.00607 0.00869 204.4 1 1332 0.000000
274.8 -166.1 0.00473 -0.01199 87.1 -1 1332 0.000000
629.3 160.9 0.03194 0.02259 8.5 1 1332 0.000000
136.8 530.7 -0.00143 0.02372 38.3 -1 1332 0.000000
-20.5 637.7 -0.01417 0.02471 42.4 -1 1332 0.000000
621.7 262.6 0.02095 0.00283 73.0 -1 1332 0.000000
698.4 142.9 0.02506 0.01293 12.5 -1 1332 0.000000
119.4 590.2 -0.01478 0.01392 25.0 -1 1332 0.000000
392.1 -110.1 0.01516 -0.00773 100.9 -1 1332 0.000000
-268.0 576.4 -0.00740 0.02454 53.1 1 1332 0.000000
363.5 59.5 0.09458 0.02965 1.4 1 1332 0.000000
299.3 455.5 0.01664 0.00297 1.6 -1 1332 0.000000
273.3 75.0 0.00376 -0.00485 143.8 -1 1332 0.000000
-187.0 -201.5 -0.00632 -0.00709 90.4 1 1332 0.000000
273.4 243.6 0.02044 0.00079 99.2 1 1332 0.000000
488.5 477.3 0.03087 0.00413 8.3 -1 1332 0.000000
315.0 -153.8 0.01264 0.00454 41.4 -1 1332 0.000000
383.2 -54.7 -0.00712 -0.00507 18.5 -1 1332 0.000000
-63.7 461.8 -0.00379 0.01878 83.6 -1 1332 0.000000
49.8 529.3 0.00397 0.01382 97.2 -1 1332 0.000000
291.9 280.3 0.01208 0.00334 151.5 -1 1332 0.000000
-122.4 424.7 -0.00554 0.01088 139.4 -1 1332 0.000000
119.6 -237.0 0.00351 -0.01114 51.4 -1 1332 0.000000
-265.7 -211.2 -0.00479 -0.00656 72.8 1 1332 0.000000
-100.8 149.2 0.00865 0.00000 186.1 1 1332 0.000000
205.4 -20.0 0.00479 0.00399 45.2 -1 1332 0.000000
-367.4 19.9 -0.01496 -0.00236 87.6 -1 1332 0.000000
516.5 66.6 0.00916 -0.00523 55.4 -1 1332 0.000000
668.3 130.3 0.01281 0.00789 32.2 -1 1332 0.000000
156.2 180.1 0.01189 0.00113 152.2 1 1332 0.000000
60.0 149.0 0.00870 0.00050 88.5 1 1332 0.000000
431.5 -163.5 0.01917 -0.01188 35.6 1 1332 0.000000
-375.7 -30.2 -0.00594 -0.00898 133.0 1 1332 0.000000
644.5 235.9 0.01991 0.01094 61.0 -1 1332 0.000000
-707.6 135.5 -0.02330 -0.00720 55.7 1 1332 0.000000
-318.6 258.0 -0.00580 0.00839 138.8 1 1332 0.000000
419.9 274.2 0.02455 0.00354 92.8 -1 1332 0.000000
164.2 392.2 0.00238 0.01287 152.8 -1 1332 0.000000
-270.0 130.3 -0.01123 0.00035 136.5 -1 1332 0.000000
250.9 49.4 0.00588 0.00523 42.6 -1 1332 0.000000
-476.8 -369.0 -0.00693 -0.01462 33.2 -1 1332 0.000000
207.7 237.8 0.00677 0.01021 101.6 -1 1332 0.000000
-131.7 110.1 0.00198 0.00989 63.1 1 1332 0.000000
521.0 469.7 0.02054 -0.01006 8.0 -1 1332 0.000000
435.4 502.6 0.01320 0.01716 90.1 -1 1332 0.000000
239.4 278.1 0.00588 0.00807 108.1 -1 1332 0.000000
-425.0 48.6 -0.01240 -0.00202 130.5 1 1332 0.000000
-39.1 -6.6 0.00962 -0.00811 130.0 1 1332 0.000000
460.7 250.1 0.01866 0.00185 108.2 -1 1332 0.000000
-665.0 304.2 -0.03394 0.00149 33.2 1 1332 0.000000
273.6 -356.5 0.00656 -0.00842 6.9 -1 1332 0.000000
87.1 365.5 -0.00023 0.01305 152.4 -1 1332 0.000000
550.4 579.6 0.04234 0.00670 11.4 -1 1332 0.000000
544.0 157.7 0.01876 0.00275 74.1 -1 1332 0.000000
-239.1 302.3 -0.00647 -0.00059 125.5 1 1332 0.000000
535.7 376.8 0.02136 0.00454 49.1 -1 1332 0.000000
307.1 364.0 -0.00580 -0.01609 7.8 -1 1332 0.000000
-188.1 270.9 0.00182 0.01100 179.9 1 1332 0.000000
-289.4 319.9 0.00227 -0.00193 142.3 1 1332 0.000000
564.3 82.7 0.01975 -0.00165 52.5 -1 1332 0.000000
225.7 134.8 0.01821 -0.00308 117.7 1 1332 0.000000
281.0 358.3 0.00883 0.01269 140.0 -1 1332 0.000000
316.7 170.2 0.00779 0.00335 139.9 -1 1332 0.000000
3.3 164.0 0.01253 0.00573 76.3 1 1276 0.000000
-438.8 68.7 -0.02203 0.00667 14.1 1 1276 0.000000
-509.5 267.6 0.00080 0.00715 40.5 1 1276 0.000000
239.5 462.9 0.02415 0.01374 50.6 1 1276 0.000000
-651.4 159.6 -0.01777 0.00115 22.5 -1 1276 0.000000
208.0 445.3 -0.00064 0.01086 61.4 -1 1276 0.000000
70.1 406.1 0.01624 0.01397 41.2 1 1276 0.000000
30.9 -60.5 0.01552 -0.00048 27.9 1 1276 0.000000
125.0 -250.4 0.01505 -0.00105 28.3 -1 1276 0.000000
-242.7 203.8 0.00369 0.00754 155.9 1 1276 0.000000
-355.9 340.4 -0.00784 0.01048 124.0 1 1276 0.000000
63.0 488.7 0.00050 0.02248 89.3 -1 1276 0.000000
597.0 300.0 0.04560 -0.00935 24.9 1 1276 0.000000
-55.4 -72.9 0.00430 -0.01706 9.9 1 1276 0.000000
-110.9 380.7 0.00675 0.01363 83.9 1 1276 0.000000
34.3 488.1 -0.01691 0.00767 16.3 1 1276 0.000000
-487.2 189.6 -0.01596 -0.00532 4.2 1 1276 0.000000
-198.3 234.5 0.00111 0.00191 34.4 1 1276 0.000000
-549.6 140.2 -0.00904 -0.01371 35.4 1 1276 0.000000
-451.7 223.8 -0.01220 0.00368 56.9 1 1276 0.000000
-54.4 -105.6 0.00773 -0.01335 88.5 1 1276 0.000000
47.8 360.2 0.01304 0.01328 48.0 1 1276 0.000000
409.5 87.9 0.05726 -0.01146 3.1 -1 1276 0.000000
-505.0 -45.0 -0.01582 0.00294 34.5 1 1276 0.000000
574.7 -78.1 0.01134 -0.03158 11.6 -1 1276 0.000000
-186.0 404.9 0.00356 0.00980 70.5 1 1237 0.000000
15.7 425.0 0.01161 0.00905 113.3 1 1237 0.000000
671.0 478.9 0.03371 0.01966 34.1 -1 1237 0.000000
-282.7 523.5 -0.00415 0.02250 74.7 1 1237 0.000000
400.2 158.9 0.01589 0.00142 77.7 -1 1237 0.000000
-327.9 75.9 -0.00387 -0.01323 39.4 1 1237 0.000000
266.5 509.1 0.00358 0.01802 85.6 -1 1237 0.000000
-306.0 417.0 -0.00139 0.01426 101.0 1 1237 0.000000
560.9 -240.1 0.03386 -0.02892 5.0 -1 1237 0.000000
143.8 193.4 0.01500 0.00353 151.5 1 1237 0.000000
-143.6 231.2 0.00753 0.00631 153.6 1 1237 0.000000
775.6 187.6 0.02026 -0.01629 18.6 -1 1237 0.000000
47.9 -207.1 0.00122 -0.01609 60.1 -1 1237 0.000000
429.6 341.4 0.01429 0.00330 44.9 -1 1237 0.000000
251.6 -137.0 0.01428 -0.00717 61.5 1 1237 0.000000
-181.0 550.9 -0.01932 0.02185 51.9 -1 1237 0.000000
-117.7 496.3 0.00109 0.01792 70.2 1 1237 0.000000
551.9 142.0 0.02473 0.00296 29.0 1 1237 0.000000
-103.5 425.4 0.00373 0.01818 85.9 1 1237 0.000000
-73.7 297.4 0.00884 0.00988 99.6 1 1237 0.000000
-14.3 501.3 0.00715 0.01204 36.7 1 1237 0.000000
-302.7 519.8 -0.00624 0.01901 43.9 1 1237 0.000000
138.3 362.5 -0.00042 -0.00394 9.5 -1 1237 0.000000
-306.0 501.7 -0.00254 0.01660 65.7 1 1237 0.000000
704.8 185.5 -0.02633 -0.04710 3.7 -1 1237 0.000000
224.5 185.6 0.01596 -0.00868 26.4 1 1237 0.000000
505.9 213.0 0.03081 0.00565 42.1 1 1237 0.000000
404.3 -157.9 0.00752 -0.01657 51.2 -1 1237 0.000000
118.4 253.4 0.00448 -0.00422 43.1 1 1237 0.000000
649.0 13.7 0.00273 -0.01680 7.6 -1 1237 0.000000
-51.4 -122.8 0.00576 -0.01196 88.4 1 1237 0.000000
499.1 219.6 0.00966 0.00056 56.0 -1 1237 0.000000
-26.5 167.9 0.00690 -0.00694 26.6 -1 1237 0.000000
506.9 197.3 0.02030 0.00564 67.6 -1 1237 0.000000
-881.2 -254.4 -0.04972 -0.06463 4.2 1 1237 0.000000
-38.2 324.6 -0.00627 -0.00216 17.4 1 1237 0.000000
-384.3 291.2 -0.00954 -0.00081 97.4 1 1237 0.000000
-146.4 -213.3 -0.00101 -0.00948 68.7 -1 1237 0.000000
-30.6 175.9 0.00709 0.00951 25.2 1 1237 0.000000
-216.6 710.1 -0.00448 0.02172 3.4 1 1237 0.000000
-428.0 -192.7 -0.05362 0.01401 4.2 1 1237 0.000000
748.5 114.4 0.00948 0.02007 10.7 -1 1237 0.000000
429.0 139.9 0.02225 -0.00305 48.7 1 1237 0.000000
