159.7 -54.0 -0.01067 -0.00946 142.0 -0.12 1 1508
244.3 217.9 -0.01071 -0.00384 154.8 -0.09 1 1508
-614.3 -164.4 -0.03614 -0.00809 20.9 -0.22 1 1508
293.3 327.9 -0.01120 -0.00128 65.8 -0.13 1 1508
220.9 223.6 -0.01048 0.00927 143.6 -0.11 1 1508
206.6 125.9 -0.00341 0.00640 83.3 -0.09 1 1508
238.6 -216.2 -0.01129 -0.02400 20.5 -0.25 1 1508
245.6 457.2 -0.00905 0.01098 35.5 -0.08 1 1508
499.6 465.5 -0.04219 -0.00330 1.6 -0.25 1 1508
537.4 316.4 -0.00734 0.02048 28.1 -0.18 1 1508
615.8 284.3 0.01415 0.01441 33.3 -0.22 1 1508
425.4 378.8 -0.00014 0.01337 129.3 -0.15 1 1508
150.5 -27.7 -0.01103 -0.00873 137.6 -0.12 1 1508
-429.3 290.0 -0.02419 0.00421 63.3 -0.29 1 1508
167.1 314.5 -0.01169 0.00991 160.3 -0.11 1 1508
-402.0 227.6 -0.02242 -0.00220 116.3 -0.13 -1 1508
260.1 189.1 -0.00634 0.00877 182.7 -0.07 1 1508
290.4 545.9 -0.01771 0.01194 19.0 -0.28 1 1508
256.7 -158.4 -0.01014 -0.01277 74.4 -0.24 1 1508
398.1 93.4 -0.00963 0.01316 21.9 -0.12 1 1508
218.1 -111.6 -0.00722 -0.01202 136.4 -0.12 1 1508
-182.4 145.4 -0.02356 -0.00124 132.6 -0.20 1 1508
308.1 12.7 -0.00983 0.00322 91.2 -0.10 1 1508
462.2 236.7 0.00457 0.01015 107.1 -0.13 1 1508
-115.6 200.3 -0.02169 0.00170 117.9 -0.20 1 1508
217.7 350.8 -0.01041 0.01282 124.0 -0.17 1 1508
523.3 150.5 0.00923 0.00098 86.1 -0.15 1 1508
-225.8 240.5 -0.02831 0.00632 94.0 -0.29 1 1508
288.5 324.7 -0.00603 0.01266 157.8 -0.14 1 1508
69.8 338.0 -0.00640 -0.00208 93.8 -0.06 1 1508
180.9 149.2 -0.01362 -0.00412 145.1 -0.13 1 1508
-279.5 429.0 -0.02236 0.00691 70.3 -0.30 1 1508
515.8 263.5 0.01274 0.01491 69.7 -0.21 1 1508
212.9 -47.5 -0.00801 -0.00920 151.1 -0.11 1 1508
238.5 290.4 -0.00366 -0.00282 154.9 -0.05 1 1508
23.8 179.6 -0.01378 -0.00906 44.3 -0.15 1 1508
299.7 327.3 0.00342 -0.00199 26.8 -0.15 1 1508
-30.2 327.4 -0.00853 0.00185 45.0 -0.04 1 1508
337.4 444.8 -0.00595 0.01582 86.9 -0.20 1 1508
419.0 96.4 -0.00207 -0.00650 136.5 -0.11 1 1508
413.9 -33.6 0.00583 -0.00366 140.3 -0.13 1 1508
658.9 267.1 0.01621 0.01446 38.5 -0.25 1 1508
260.8 -63.6 -0.00921 -0.01159 94.7 -0.17 1 1508
298.8 -56.2 -0.00236 -0.01256 88.0 -0.18 1 1508
272.8 170.3 0.00009 0.00058 183.1 -0.05 1 1508
-181.5 38.6 -0.01025 -0.00359 15.3 -0.16 -1 1508
234.8 337.3 -0.01352 0.00123 101.7 -0.13 1 1508
404.0 356.7 -0.00228 -0.00992 10.7 -0.26 1 1508
274.6 194.1 0.00034 0.00671 139.4 -0.08 1 1508
447.6 451.4 0.00607 0.01535 44.2 -0.25 1 1508
580.5 208.0 0.01166 -0.00616 57.9 -0.19 1 1508
86.5 149.2 -0.01664 -0.00414 118.6 -0.14 1 1508
253.7 187.7 -0.00469 -0.00511 178.4 -0.07 1 1508
376.9 309.0 0.00034 0.00988 142.2 -0.12 1 1508
544.3 169.9 0.00414 0.00438 70.5 -0.14 1 1508
-221.7 342.0 -0.02689 0.00390 113.7 -0.32 1 1508
387.5 223.1 0.00122 0.00581 177.4 -0.08 1 1508
550.3 -332.4 0.01517 0.00708 12.1 -0.30 1 1508
456.4 334.3 -0.00046 0.01304 89.5 -0.15 1 1508
460.9 154.5 0.00712 -0.00073 115.7 -0.13 1 1508
800.7 206.5 0.03566 0.02194 18.7 -0.35 1 1508
446.8 199.8 0.00371 0.00438 80.7 -0.15 1 1508
-313.3 224.6 -0.02552 0.00137 88.9 -0.23 1 1508
423.0 133.3 0.00873 0.00016 131.6 -0.15 1 1508
519.3 484.0 0.01085 0.00961 58.8 -0.23 1 1508
194.2 516.7 0.05182 -0.05245 2.2 -0.30 1 1508
492.0 133.0 0.00402 -0.00322 68.2 -0.17 1 1508
-498.8 -230.9 -0.15559 0.04320 0.5 -1.77 1 1508
476.2 228.4 0.00513 0.00163 101.5 -0.12 1 1508
520.7 283.0 0.01291 0.00477 75.7 -0.16 1 1508
-408.6 215.5 -0.03140 -0.00687 72.0 -0.27 1 1508
-249.2 142.1 -0.02622 -0.00142 94.9 -0.29 1 1508
-325.1 337.0 -0.02407 0.00583 83.1 -0.28 1 1508
470.1 356.2 0.00693 0.01390 74.8 -0.18 1 1508
644.3 243.9 0.00853 0.01020 15.8 -0.25 1 1508
322.9 -62.0 -0.00432 -0.01037 156.3 -0.13 1 1508
550.9 203.4 0.01124 0.01044 63.3 -0.16 1 1508
198.0 182.1 -0.00821 0.00023 26.7 -0.10 1 1508
309.2 256.5 0.00068 -0.00095 146.7 -0.07 1 1508
602.6 266.8 -0.00011 0.00180 28.6 -0.16 1 1508
303.8 148.5 0.00392 0.00051 29.1 -0.14 -1 1508
437.4 164.5 0.00634 0.00189 121.5 -0.14 1 1508
26.1 -155.0 -0.01118 -0.01081 71.0 -0.17 1 1508
675.5 333.7 0.04184 0.01896 5.4 -0.35 1 1508
-166.4 262.6 -0.02352 0.00319 113.7 -0.23 1 1508
252.2 269.5 -0.00633 0.01005 170.7 -0.08 1 1508
-186.0 292.3 -0.01030 0.00994 189.1 -0.06 -1 1508
92.7 466.0 -0.01355 0.01189 75.4 -0.23 1 1508
428.7 78.9 0.00187 -0.01036 93.5 -0.12 1 1508
318.0 363.6 -0.00389 0.01132 161.3 -0.12 1 1508
-178.4 270.6 -0.03788 -0.00976 7.8 -0.43 1 1508
840.8 277.9 0.04399 0.01385 9.4 -0.45 1 1508
202.7 452.6 -0.01405 0.01326 90.9 -0.17 1 1508
486.8 -154.8 0.01360 0.00184 52.7 -0.17 1 1508
285.1 489.2 -0.00064 0.01414 102.0 -0.19 1 1508
436.1 293.8 0.00392 -0.00262 34.0 -0.19 1 1508
699.4 -23.6 0.01141 0.01328 9.4 -0.23 1 1508
505.9 347.8 0.00507 0.01167 74.1 -0.15 1 1508
111.5 -157.8 -0.01505 -0.01266 93.8 -0.19 1 1508
381.1 198.6 0.00342 0.00610 91.6 -0.12 1 1508
23.1 -24.1 -0.01628 -0.01024 94.9 -0.19 1 1508
262.6 652.2 -0.01346 0.02661 55.9 -0.26 1 1508
-221.9 63.5 -0.02970 -0.00142 33.9 -0.36 1 1508
73.6 -267.6 -0.01721 0.00088 31.8 -0.22 1 1508
216.9 189.9 -0.01130 0.00690 150.8 -0.10 1 1508
121.8 164.9 -0.00541 0.00666 135.4 -0.05 1 1508
725.3 84.1 0.02429 -0.02103 5.3 -0.26 1 1508
-172.9 165.1 -0.02331 0.00261 126.2 -0.22 1 1508
-354.2 270.7 -0.02799 0.00785 77.4 -0.31 1 1508
285.6 338.4 0.00423 -0.00396 29.6 -0.16 1 1508
331.4 503.4 0.00224 0.01979 58.0 -0.25 1 1508
476.3 464.3 0.00308 0.01433 89.5 -0.17 1 1508
236.3 46.7 -0.00836 -0.00747 141.7 -0.10 1 1508
427.3 377.7 0.00157 0.01050 123.6 -0.15 1 1508
208.5 -288.4 -0.01357 -0.01070 49.0 -0.16 1 1508
175.0 86.6 0.00410 -0.00451 23.7 -0.13 1 1508
410.1 425.8 0.00224 0.01008 121.6 -0.14 1 1508
328.4 615.9 0.00320 0.01849 19.2 -0.23 1 1508
-367.1 216.6 -0.02274 0.00494 64.0 -0.31 1 1508
212.2 293.4 -0.00913 0.00992 165.8 -0.11 1 1508
761.0 284.6 0.03203 -0.03082 2.6 -0.38 1 1508
-122.2 69.2 -0.02233 -0.00796 63.8 -0.28 1 1508
-224.4 -177.6 -0.01202 -0.00606 86.7 -0.09 -1 1508
512.6 263.5 0.00675 0.00712 76.3 -0.16 1 1508
274.2 716.8 -0.01303 0.03357 27.3 -0.29 1 1508
-34.2 260.9 -0.01020 -0.00336 21.2 -0.20 1 1508
236.3 31.5 -0.01128 0.00278 149.6 -0.07 1 1508
178.7 219.3 -0.01338 0.00707 134.1 -0.12 1 1508
-383.7 261.2 -0.03254 0.01094 53.3 -0.42 1 1508
458.9 219.2 0.00748 0.00668 115.4 -0.12 1 1508
97.4 497.7 -0.01004 0.01280 70.4 -0.16 1 1508
146.4 225.5 -0.01454 -0.00104 146.3 -0.12 1 1508
457.3 150.8 -0.00262 -0.00466 29.6 -0.18 1 1508
706.8 181.1 0.01422 0.01036 21.0 -0.21 1 1508
-43.8 431.3 -0.01733 0.01142 82.3 -0.23 1 1508
-279.3 399.4 -0.02644 0.01160 95.6 -0.29 1 1508
-20.4 -150.0 -0.27843 -0.08469 0.5 -4.52 1 1508
218.5 529.9 -0.01552 0.01182 38.1 -0.22 1 1508
108.3 0.7 -0.01251 -0.00897 160.1 -0.13 1 1508
348.8 594.1 -0.00051 0.01198 30.4 -0.28 1 1508
442.7 -199.5 0.01347 -0.01357 32.5 -0.29 1 1508
534.2 -119.3 0.00319 -0.00743 33.0 -0.22 1 1508
410.6 211.5 0.00259 -0.00190 145.3 -0.09 1 1508
426.9 582.8 0.00318 0.01051 13.2 -0.33 1 1508
-528.5 34.3 -0.03175 0.00114 27.7 -0.54 1 1508
-93.8 -235.5 -0.01759 -0.00636 65.4 -0.09 -1 1508
51.0 3.1 -0.01627 -0.01021 87.9 -0.20 1 1508
326.4 164.0 0.00006 0.00590 126.0 -0.08 1 1508
183.6 262.6 -0.01207 0.00898 100.7 -0.12 1 1508
383.7 -150.6 -0.00235 -0.01145 99.4 -0.17 1 1508
-128.4 336.6 -0.02081 0.00807 135.1 -0.20 1 1508
-221.2 348.7 -0.02401 0.00827 117.6 -0.24 1 1508
353.8 143.3 0.00050 0.00553 123.3 -0.08 1 1508
136.7 99.9 -0.01251 -0.00508 154.9 -0.10 1 1508
485.0 288.1 0.00469 0.00503 79.3 -0.18 1 1508
683.6 57.9 0.04125 -0.00248 5.4 -0.29 1 1508
-58.1 77.8 -0.00934 -0.00356 18.5 -0.13 1 1508
158.8 307.3 -0.01656 0.01043 52.9 -0.21 1 1508
99.1 775.7 0.00261 0.02487 38.9 -0.30 1 1508
28.8 272.8 -0.01387 0.01678 22.5 -0.21 1 1508
620.1 284.1 0.01744 0.01175 59.7 -0.20 1 1508
349.5 204.1 0.00166 -0.00331 97.6 -0.11 1 1508
-53.2 341.5 -0.01757 0.00854 136.0 -0.14 1 1508
-84.3 318.9 -0.02014 0.00844 109.7 -0.20 1 1508
-544.3 -288.7 0.00421 0.03985 4.9 -0.27 1 1508
157.5 339.0 -0.01345 -0.00079 102.0 -0.13 1 1508
283.3 345.0 -0.01151 0.00093 115.6 -0.11 1 1508
359.3 407.6 -0.00519 0.01345 114.4 -0.16 1 1508
72.4 439.2 -0.01365 0.00621 63.5 -0.22 1 1508
-824.2 87.6 -0.05425 -0.01756 2.5 -0.71 1 1508
272.1 97.8 -0.00264 0.00586 127.6 -0.06 1 1508
-60.6 -133.7 -0.01967 -0.01528 55.1 -0.31 1 1508
-537.0 297.9 -0.02510 0.00202 81.9 -0.17 -1 1508
521.2 133.6 0.00561 -0.00129 69.0 -0.18 1 1508
72.4 224.2 -0.05520 -0.03087 5.1 -0.59 1 1508
-143.6 268.3 -0.02294 0.00197 129.1 -0.23 1 1508
267.9 533.3 0.00226 0.00116 54.7 -0.11 1 1508
273.1 -34.8 -0.00658 -0.01210 128.6 -0.17 1 1508
542.4 535.1 0.03100 0.01131 24.8 -0.28 1 1508
371.2 307.1 0.00139 0.00936 129.7 -0.12 1 1508
482.3 274.6 0.00558 0.00714 94.6 -0.13 1 1508
636.4 -141.9 0.01243 0.00231 39.5 -0.28 1 1508
-185.9 -17.8 -0.02307 -0.00832 80.2 -0.27 1 1508
234.9 134.5 -0.00158 0.00531 128.6 -0.06 1 1508
580.4 113.7 0.00527 0.00012 43.0 -0.16 1 1508
169.0 153.1 -0.01504 -0.00359 111.0 -0.13 1 1508
632.0 163.4 0.01156 -0.00576 71.5 -0.19 1 1508
664.4 335.4 0.01630 0.02826 26.3 -0.28 1 1508
2.1 -282.5 -0.02151 -0.01335 64.5 -0.19 1 1508
-72.1 47.5 -0.01441 0.00535 41.4 -0.07 1 1508
372.3 356.0 -0.00188 0.01210 155.2 -0.15 1 1508
571.8 349.2 0.02234 0.04522 2.1 -0.37 1 1508
-6.2 414.4 -0.01481 0.01412 121.7 -0.18 1 1508
-14.6 409.6 -0.02058 0.01126 89.2 -0.21 1 1508
539.0 322.7 0.00160 0.00612 32.1 -0.16 1 1508
216.6 -384.7 -0.00463 -0.01439 12.1 -0.17 1 1508
-103.2 506.4 -0.01930 0.02513 35.2 -0.35 1 1508
327.9 271.5 -0.00088 0.00871 160.4 -0.09 1 1508
-188.4 -52.3 -0.02572 -0.00054 19.2 -0.36 1 1508
-538.8 -26.5 -0.03218 -0.01633 31.1 -0.50 1 1508
-865.8 88.0 -0.03706 -0.01077 7.1 -0.36 1 1508
-393.3 -89.8 -0.01111 -0.00518 44.3 -0.19 -1 1508
129.0 227.2 -0.01567 0.00750 126.8 -0.15 1 1508
-187.3 243.9 -0.02327 0.00468 128.7 -0.21 1 1508
-592.8 109.1 -0.03295 -0.01265 22.1 -0.59 1 1508
255.3 568.3 0.19875 0.19295 0.3 -3.81 1 1508
284.9 -178.0 -0.01001 -0.01554 71.5 -0.24 1 1508
730.3 547.8 -0.00090 0.04662 0.8 -0.66 1 1508
103.6 123.5 -0.01426 -0.00649 118.5 -0.14 1 1508
101.7 -22.6 -0.00548 -0.01181 47.4 -0.12 1 1508
649.7 318.9 -0.02796 -0.02545 9.2 -0.28 1 1508
42.8 190.4 -0.01929 -0.00107 104.1 -0.18 1 1508
529.7 263.9 0.00290 0.00298 66.4 -0.17 1 1508
-85.7 160.4 -0.02206 0.00235 109.8 -0.21 1 1508
260.5 303.8 -0.00293 -0.00244 121.1 -0.07 1 1508
164.3 28.7 -0.01461 -0.00722 105.1 -0.16 1 1508
293.5 422.7 -0.00317 0.01454 140.3 -0.17 1 1508
373.2 144.2 0.00299 -0.00387 136.1 -0.11 1 1508
-40.7 436.1 -0.02311 0.00594 66.4 -0.23 1 1508
-17.0 -234.3 -0.00927 -0.00674 46.3 -0.17 1 1508
686.4 265.0 0.00441 0.01574 16.2 -0.24 1 1508
-208.8 143.8 -0.01259 -0.00924 43.4 -0.09 1 1508
-300.1 297.3 -0.02886 0.00549 93.4 -0.26 1 1508
440.0 -117.2 0.00188 -0.01250 77.6 -0.21 1 1508
343.9 433.5 0.00021 0.01037 106.4 -0.16 1 1508
370.4 492.2 0.00031 0.01813 75.2 -0.20 1 1508
40.2 -333.9 -0.01555 -0.00578 5.9 -0.38 1 1508
371.6 385.1 -0.00118 0.01366 115.0 -0.17 1 1508
325.0 -115.2 0.00235 0.00353 58.9 -0.09 1 1508
598.7 262.2 0.02301 0.02285 5.1 -0.27 1 1508
88.1 -103.9 -0.00712 0.01196 14.7 -0.24 1 1508
216.7 444.8 -0.00939 0.01124 106.8 -0.16 1 1508
660.9 303.5 0.01343 0.01200 8.0 -0.26 1 1508
530.0 381.8 0.00800 0.01558 68.2 -0.17 1 1508
-437.2 110.6 -0.02986 -0.00619 43.3 -0.40 1 1508
316.9 -167.7 -0.00375 -0.01452 107.2 -0.19 1 1508
-423.5 113.4 -0.01887 0.00151 111.6 -0.12 -1 1508
-125.6 538.8 -0.15348 -0.00424 0.6 -1.32 1 1508
576.3 161.3 0.01096 0.00364 66.5 -0.16 1 1508
177.7 -65.9 -0.00939 -0.01001 135.7 -0.12 1 1508
550.8 376.3 0.00555 0.00064 54.8 -0.16 1 1508
848.3 297.6 0.02465 0.00137 15.3 -0.35 1 1508
284.3 -23.8 -0.00743 0.00279 111.9 -0.05 1 1508
690.6 370.8 0.00177 0.01830 23.4 -0.32 1 1508
313.7 333.2 -0.00239 0.01228 127.3 -0.13 1 1508
530.4 173.6 -0.00878 0.01429 38.8 -0.12 1 1508
-122.5 221.0 -0.00528 0.00451 28.7 -0.04 1 1508
-200.0 467.1 -0.01783 0.01253 64.3 -0.28 1 1508
100.4 135.1 -0.01700 0.00257 149.4 -0.11 1 1508
52.6 175.0 -0.01704 -0.00238 136.0 -0.14 1 1508
-152.1 353.1 -0.02058 0.00860 147.2 -0.17 1 1508
200.8 -12.1 -0.00808 -0.00394 29.2 -0.08 1 1508
-52.3 30.8 -0.01971 -0.00662 123.2 -0.20 1 1508
-278.7 254.4 -0.02432 0.00187 125.6 -0.18 1 1508
-225.4 -213.7 -0.02266 -0.01072 65.9 -0.11 -1 1508
390.8 -1.5 -0.00731 0.00269 105.9 -0.09 1 1508
223.5 188.9 -0.00420 0.00805 154.8 -0.08 1 1508
513.5 45.6 0.00820 -0.00346 47.5 -0.18 1 1508
-527.9 39.4 -0.01547 0.00069 82.2 -0.14 -1 1508
493.1 152.3 0.00313 -0.00121 99.9 -0.12 1 1508
559.6 137.7 -0.02414 0.03973 3.3 -0.29 1 1508
-98.2 285.3 -0.01978 0.00654 133.5 -0.18 1 1508
460.4 -244.6 0.01455 -0.01402 34.4 -0.24 1 1508
379.4 159.0 0.00137 -0.00522 90.8 -0.12 1 1508
291.7 69.3 -0.00934 0.00474 143.3 -0.08 1 1508
250.3 356.4 -0.00874 0.01224 136.2 -0.15 1 1508
-254.5 219.3 -0.02500 0.00132 98.6 -0.24 1 1508
-98.5 259.5 -0.02811 0.00655 46.0 -0.30 1 1508
583.5 252.6 -0.00193 0.00459 58.5 -0.14 1 1508
-1.6 304.0 -0.02071 0.00858 97.0 -0.22 1 1508
249.6 -204.4 -0.00803 -0.00334 48.3 -0.21 1 1508
285.9 108.6 -0.00172 0.00647 122.4 -0.08 1 1508
609.7 144.3 -0.01900 -0.00585 14.5 -0.22 1 1508
395.3 485.9 -0.00339 0.01041 103.0 -0.16 1 1508
-374.7 -198.9 -0.02226 0.00280 21.1 -0.52 1 1508
-119.0 179.6 -0.02377 0.00288 114.1 -0.23 1 1508
200.2 72.9 -0.01263 0.00242 164.0 -0.09 1 1508
298.9 418.9 -0.00679 0.01460 129.3 -0.17 1 1508
62.2 15.3 -0.00667 0.00304 127.3 -0.03 1 1508
193.0 34.5 -0.00436 0.00416 141.1 -0.04 1 1508
231.2 22.9 -0.00197 0.00244 118.8 -0.04 1 1508
20.9 48.9 -0.01563 -0.00626 122.7 -0.12 1 1508
521.3 322.0 0.00831 0.00077 55.1 -0.20 1 1508
292.9 -111.9 -0.00453 -0.01436 118.1 -0.20 1 1508
165.5 132.2 -0.01283 -0.00474 144.0 -0.12 1 1508
137.8 -137.7 -0.01192 -0.01475 64.6 -0.22 1 1508
328.9 417.3 -0.00354 0.01378 112.9 -0.18 1 1508
405.1 512.4 -0.00731 0.00188 35.2 -0.21 1 1508
-238.4 169.2 -0.02515 0.00262 113.8 -0.23 1 1508
494.0 259.3 0.00581 0.00858 64.3 -0.17 1 1508
-278.5 265.2 -0.01001 0.00070 16.4 -0.04 1 1508
-530.2 286.3 -0.03823 0.00141 22.0 -0.57 1 1508
-307.9 -114.1 -0.02975 -0.00927 84.2 -0.26 1 1508
238.4 599.6 -0.00564 0.02316 21.0 -0.32 1 1508
224.8 522.7 0.00145 0.02184 84.4 -0.20 1 1508
385.2 103.8 -0.00690 0.00614 137.9 -0.10 1 1508
-86.4 344.7 -0.02041 0.00968 120.0 -0.22 1 1508
578.8 163.3 0.00813 -0.00284 40.3 -0.21 1 1508
153.5 -72.8 0.00174 0.00125 38.1 -0.08 1 1508
493.2 431.5 0.01218 0.01573 48.6 -0.23 1 1508
260.6 327.4 -0.01336 -0.00113 61.5 -0.13 1 1508
-0.5 414.1 -0.01535 0.01071 99.6 -0.19 1 1508
199.5 229.9 -0.01427 -0.00369 82.9 -0.15 1 1508
408.5 523.2 0.01526 0.01573 33.9 -0.27 1 1508
355.6 65.1 -0.00260 -0.00557 172.3 -0.09 1 1508
-179.9 -114.0 -0.02627 -0.01850 17.9 -0.51 1 1508
38.7 178.7 -0.01889 0.00601 94.5 -0.18 1 1508
573.1 335.8 0.01114 0.00918 49.1 -0.22 1 1508
491.4 246.1 0.00932 -0.00070 80.0 -0.15 1 1508
210.5 -307.5 -0.03092 -0.01603 15.9 -0.30 1 1508
-473.0 397.5 -0.03314 0.00762 23.5 -0.56 1 1508
385.4 -191.0 -0.00006 -0.01725 50.1 -0.26 1 1508
-125.4 -149.1 -0.02600 -0.00075 16.4 -0.40 1 1508
381.2 -12.3 -0.00132 -0.00878 132.0 -0.12 1 1508
256.0 -1.5 -0.00713 -0.01092 136.1 -0.15 1 1508
128.6 541.3 -0.00942 0.01037 65.3 -0.18 1 1508
-184.1 -65.3 -0.00779 -0.00739 54.0 -0.05 1 1508
-108.7 -199.5 -0.01573 -0.01044 111.4 -0.07 -1 1508
157.1 430.6 -0.01151 0.01424 108.4 -0.16 1 1508
97.9 -153.1 -0.00991 -0.01061 133.4 -0.11 1 1508
521.1 110.1 0.00555 0.00020 76.9 -0.15 1 1508
-279.6 422.2 -0.02828 0.00779 66.7 -0.33 1 1508
302.8 255.6 -0.00911 0.00847 136.3 -0.12 1 1508
49.3 337.6 -0.01841 0.00826 95.3 -0.20 1 1508
483.8 -87.6 0.00155 -0.01499 40.3 -0.22 1 1508
301.6 19.2 -0.00918 0.00287 155.2 -0.06 1 1508
401.7 -134.9 -0.00148 -0.01208 104.5 -0.17 1 1508
609.8 381.2 0.01545 0.00710 20.5 -0.36 -1 1508
445.3 201.3 0.00902 -0.00206 118.4 -0.14 1 1508
132.4 -69.5 -0.01205 -0.01109 96.0 -0.17 1 1508
631.9 63.4 0.00440 0.05741 3.5 -0.38 1 1508
-26.9 72.5 -0.01809 -0.00474 130.7 -0.14 1 1508
404.7 361.2 0.00097 0.01086 109.5 -0.15 1 1508
587.0 348.5 0.00023 0.00873 48.5 -0.22 1 1508
245.6 154.3 0.00207 0.00060 165.9 -0.07 1 1508
-100.7 509.1 -0.02617 0.00982 50.4 -0.27 1 1508
326.6 200.2 0.00026 -0.00375 143.8 -0.09 1 1508
118.7 19.5 -0.00569 0.00317 102.6 -0.04 1 1508
448.4 221.1 0.00054 0.00919 98.1 -0.13 1 1508
69.1 39.2 -0.01470 -0.00899 105.2 -0.17 1 1508
97.4 388.6 -0.01483 0.01144 146.1 -0.16 1 1508
460.7 214.9 0.00541 0.00408 129.3 -0.10 1 1508
440.7 329.7 0.00097 0.01521 118.0 -0.14 1 1508
697.9 315.6 -0.01580 -0.01550 12.2 -0.26 1 1508
71.2 252.9 -0.01772 0.00359 120.1 -0.14 1 1508
291.7 212.1 0.00009 -0.00245 132.7 -0.07 1 1508
29.3 168.1 -0.01852 0.00111 145.3 -0.15 1 1508
677.2 172.0 0.00910 -0.00789 28.8 -0.18 1 1508
-238.0 -147.0 -0.01615 -0.00920 100.1 -0.23 1 1508
66.1 -154.4 0.00989 -0.02458 22.3 -0.28 1 1508
-27.4 -139.1 -0.01748 -0.01349 73.7 -0.21 1 1508
-45.5 3.1 -0.00989 0.00370 116.1 -0.02 1 1508
595.8 -6.8 -0.00169 0.00192 12.7 -0.25 1 1508
240.2 263.9 -0.01088 0.01082 83.1 -0.16 1 1508
811.3 177.1 0.01998 -0.00310 14.4 -0.31 1 1508
-802.6 358.6 -0.06449 0.00411 6.7 -0.86 1 1508
148.1 183.1 -0.01618 -0.00172 107.9 -0.14 1 1508
280.7 138.8 -0.00325 0.00584 172.0 -0.05 1 1508
119.5 -32.4 -0.00865 0.00233 111.9 -0.04 1 1508
297.0 612.5 0.00196 0.03339 29.7 -0.33 1 1508
-63.9 -6.6 -0.00396 -0.00137 14.0 -0.10 1 1508
565.4 221.3 0.01455 0.00407 61.6 -0.18 1 1508
351.5 198.5 -0.00155 0.00894 128.8 -0.11 1 1508
561.9 495.1 -0.00193 0.01922 21.4 -0.26 1 1508
571.1 164.8 0.00883 0.00259 78.8 -0.15 1 1508
413.8 172.0 0.00465 -0.00312 118.8 -0.14 1 1508
-94.3 -447.6 0.00019 -0.09773 3.5 -0.43 -1 1508
195.6 324.6 -0.00990 0.01213 144.3 -0.15 1 1508
165.7 532.3 -0.00509 0.01321 58.0 -0.18 1 1508
162.4 -82.9 -0.00633 -0.01450 8.7 -0.33 1 1508
297.1 223.6 -0.00250 0.00791 158.1 -0.08 1 1508
152.1 471.6 -0.01480 0.00902 61.6 -0.20 1 1508
591.6 203.5 0.00392 0.00139 68.0 -0.16 1 1508
568.3 233.0 0.00574 0.00853 60.0 -0.19 1 1508
-284.8 239.1 -0.02118 0.00426 104.6 -0.22 1 1508
150.9 455.1 -0.01283 0.02245 33.5 -0.26 1 1508
309.4 629.7 -0.00426 0.02799 26.7 -0.32 1 1508
-143.1 225.6 -0.02012 0.00136 153.1 -0.15 1 1508
67.0 116.2 -0.01810 -0.00615 82.3 -0.20 1 1508
170.6 131.0 -0.00909 -0.00055 121.7 -0.04 1 1508
-70.0 50.6 0.02818 0.01644 4.9 -0.33 1 1508
15.1 75.1 -0.01733 -0.00423 150.6 -0.15 1 1508
303.4 140.3 -0.00486 -0.00657 158.0 -0.11 1 1508
364.1 379.6 0.00003 0.01202 89.4 -0.16 1 1508
222.3 -15.7 -0.00778 -0.00956 147.6 -0.11 1 1508
-165.2 503.8 -0.02356 0.02175 50.3 -0.33 1 1508
760.3 200.9 0.04068 0.01281 5.6 -0.39 1 1508
-15.9 291.2 -0.01843 0.00733 132.3 -0.16 1 1508
510.4 188.0 0.01339 -0.00169 63.8 -0.17 1 1508
-63.9 187.4 -0.02088 0.00183 138.6 -0.17 1 1508
-173.1 571.5 -0.00211 0.00501 13.9 -0.32 1 1508
-144.0 306.5 -0.02209 0.00737 121.0 -0.19 1 1508
314.7 96.9 -0.00836 0.00567 144.2 -0.09 1 1508
432.9 455.0 -0.02014 0.04029 10.7 -0.36 1 1508
-119.3 196.2 -0.01907 0.00109 168.5 -0.13 1 1508
-71.2 415.7 -0.00859 0.00603 71.9 -0.05 1 1508
321.4 151.6 -0.01177 0.01097 20.9 -0.15 1 1508
353.3 239.6 -0.00046 0.00739 147.3 -0.09 1 1508
344.6 138.8 -0.00141 -0.00586 157.0 -0.10 1 1508
612.2 273.9 0.00607 0.01437 39.8 -0.17 1 1508
2.7 167.9 -0.01787 -0.00139 131.1 -0.14 1 1508
225.1 -16.0 -0.00151 0.00223 41.7 -0.11 1 1508
754.9 258.9 0.01518 0.05063 3.6 -0.34 1 1508
-88.6 503.3 -0.01723 0.01383 61.9 -0.23 1 1508
484.6 471.8 -0.00324 0.01430 41.0 -0.25 1 1508
534.6 44.0 0.01379 0.00256 50.1 -0.19 1 1508
457.6 155.5 0.00088 0.00044 93.9 -0.12 1 1508
-182.2 214.9 -0.01422 -0.00661 23.3 -0.12 1 1508
382.0 96.7 0.00140 -0.00594 112.7 -0.11 1 1508
234.2 351.2 -0.00231 -0.00198 88.1 -0.07 1 1508
87.6 295.1 -0.01514 0.00861 137.7 -0.15 1 1508
102.1 -185.7 -0.02576 -0.02233 13.3 -0.30 1 1508
234.1 -25.3 -0.00734 -0.01090 126.3 -0.14 1 1508
361.5 -181.7 0.00187 -0.01319 85.3 -0.13 1 1508
400.2 314.0 -0.00178 0.01299 4.4 -0.78 1 1508
-367.7 390.8 -0.02572 0.01154 103.1 -0.26 1 1508
465.6 127.8 0.00097 -0.00498 93.5 -0.13 1 1508
-206.9 564.1 -0.02092 0.01494 49.5 -0.15 -1 1508
452.0 -73.7 0.00432 -0.01539 60.4 -0.22 1 1508
-465.3 -110.0 -0.03893 -0.02357 18.7 -0.53 1 1508
322.0 610.6 0.02990 0.03422 8.1 -0.35 1 1508
316.0 537.8 -0.00214 0.01697 68.3 -0.23 1 1508
171.0 219.9 -0.01257 0.00683 148.5 -0.11 1 1508
358.9 521.1 0.00536 0.01408 92.4 -0.20 1 1508
299.1 371.4 -0.00514 0.01349 141.0 -0.15 1 1508
447.8 81.1 0.00644 -0.00536 97.4 -0.14 1 1508
-271.1 98.4 -0.01066 -0.00378 25.6 -0.04 1 1508
-297.7 1.7 -0.01784 -0.00152 153.2 -0.10 -1 1508
-572.1 236.0 -0.05755 0.00094 28.1 -0.56 1 1508
22.4 62.6 -0.00696 -0.00250 5.2 -1.11 1 1508
94.7 94.2 -0.01386 -0.00555 157.2 -0.10 1 1508
10.8 288.2 -0.00334 0.00721 158.5 -0.04 -1 1508
793.9 189.2 0.01138 0.00178 8.3 -0.32 1 1508
-15.6 299.2 -0.02095 0.00598 121.8 -0.21 1 1508
146.8 99.7 -0.00461 0.00431 161.1 -0.03 1 1508
-67.7 127.1 -0.00366 -0.03310 3.5 -0.76 1 1508
-184.7 2.9 -0.01545 -0.01784 28.1 -0.23 1 1508
220.0 379.9 -0.00977 0.01219 133.5 -0.15 1 1508
616.7 -0.6 0.00970 -0.00568 31.9 -0.24 1 1508
-194.5 441.2 -0.00760 0.01156 166.3 -0.08 -1 1508
624.9 39.8 -0.01063 -0.00678 25.2 -0.19 1 1508
648.8 79.2 0.01377 -0.00181 39.6 -0.19 1 1508
-430.1 706.6 0.14724 0.07758 0.6 -1.50 1 1508
200.6 57.6 -0.00799 -0.00785 173.4 -0.09 1 1508
451.8 -191.4 -0.00786 -0.01852 58.4 -0.20 1 1508
248.7 307.2 -0.01202 0.01151 89.7 -0.18 1 1508
829.7 354.1 0.02430 0.02631 11.4 -0.38 1 1508
420.1 -193.6 -0.01152 -0.01430 47.6 -0.27 1 1508
-329.6 164.1 -0.01665 -0.00444 30.6 -0.09 1 1508
-411.6 61.8 -0.02023 -0.00933 36.5 -0.36 1 1508
753.4 48.6 0.00795 -0.00001 10.0 -0.28 1 1508
363.1 221.6 0.00111 0.00741 129.1 -0.10 1 1508
253.3 -186.9 -0.00191 -0.00080 64.7 -0.17 1 1508
610.7 177.6 0.01010 0.00452 63.8 -0.20 1 1508
423.3 301.4 0.00601 0.00465 146.2 -0.15 1 1508
657.4 298.8 0.06523 -0.02562 3.1 -0.44 1 1508
248.2 163.8 -0.00260 0.00622 132.3 -0.05 1 1508
629.2 183.1 0.00686 -0.00737 22.3 -0.28 1 1508
63.1 168.8 -0.01605 -0.00359 125.8 -0.13 1 1508
158.9 199.1 -0.01403 0.00664 113.8 -0.13 1 1508
654.6 362.1 0.01782 0.00972 23.8 -0.26 1 1508
-63.1 316.9 -0.02147 -0.00140 55.3 -0.21 1 1508
516.2 134.9 0.00646 -0.00291 102.7 -0.14 1 1508
112.2 213.5 -0.00139 0.01052 6.2 -0.26 1 1508
557.5 585.4 0.01393 0.01457 29.4 -0.30 1 1508
2.8 321.9 -0.01904 0.00564 150.1 -0.18 1 1508
-73.8 287.0 -0.00983 0.00239 151.8 -0.03 1 1508
-66.3 403.8 -0.01893 0.01410 104.5 -0.21 1 1508
-145.6 359.4 -0.02026 0.00844 135.6 -0.19 1 1508
249.1 574.5 -0.00770 0.02112 18.9 -0.26 1 1508
116.4 -204.1 -0.01949 -0.00870 39.5 -0.25 1 1508
452.7 72.8 -0.00051 -0.00567 64.2 -0.16 1 1508
746.3 277.3 0.03305 0.01193 5.6 -0.33 1 1508
105.2 632.5 -0.02006 0.03190 19.0 -0.35 1 1508
215.5 132.9 -0.01097 0.00470 182.4 -0.07 1 1508
156.5 144.9 -0.00406 0.00572 125.0 -0.04 1 1508
-7.6 475.0 -0.01195 0.00729 52.0 -0.29 1 1508
-58.5 322.3 -0.01905 0.00881 129.0 -0.17 1 1508
314.3 494.7 -0.00318 0.01341 90.8 -0.18 1 1508
223.4 189.0 -0.00246 0.00662 158.9 -0.06 1 1508
374.2 318.0 -0.00016 0.01250 98.2 -0.17 1 1508
465.3 530.9 0.01154 0.01240 26.0 -0.31 1 1508
59.9 -433.9 0.00501 -0.01928 12.2 -0.15 -1 1508
150.3 175.9 -0.01404 -0.00428 123.3 -0.14 1 1508
47.3 198.7 -0.01729 -0.00244 127.0 -0.14 1 1508
133.1 -215.2 -0.00764 -0.01547 36.7 -0.26 1 1508
354.9 340.7 -0.00448 0.01146 151.4 -0.13 1 1508
-139.6 -81.2 -0.00881 -0.01072 162.4 -0.08 -1 1508
-8.9 169.1 -0.01907 0.00447 138.1 -0.14 1 1508
-205.6 283.4 -0.02323 0.00316 114.3 -0.22 1 1508
-345.2 608.4 0.01354 0.02173 10.0 -0.18 1 1508
204.3 110.5 -0.00214 0.00574 77.0 -0.06 1 1508
46.8 321.9 -0.01540 0.00906 137.2 -0.15 1 1508
476.1 -383.1 0.01385 -0.01710 19.3 -0.15 -1 1508
217.6 224.3 -0.01002 0.00846 181.2 -0.08 1 1508
154.7 -33.0 -0.00375 0.00141 133.3 -0.03 1 1508
111.3 441.1 -0.01240 0.01557 90.4 -0.19 1 1508
494.0 222.3 0.00717 0.00321 91.9 -0.15 1 1508
127.8 -18.3 -0.01166 -0.00836 138.7 -0.11 1 1508
220.5 347.3 -0.00121 0.00101 124.8 -0.06 1 1508
-242.2 315.6 -0.01824 -0.00957 41.3 -0.06 1 1508
342.0 258.4 -0.00142 0.00829 149.0 -0.09 1 1508
333.2 428.7 -0.00449 0.01098 114.4 -0.19 1 1508
-91.6 189.3 -0.00428 0.01855 19.2 -0.13 -1 1508
-80.0 403.4 -0.01975 0.01169 109.5 -0.22 1 1508
468.7 278.4 0.00952 0.00780 81.7 -0.16 1 1508
465.2 237.7 0.00569 -0.00577 87.5 -0.12 1 1508
306.0 213.5 -0.01101 -0.00487 62.5 -0.13 1 1508
-282.2 285.7 -0.02679 0.00565 109.9 -0.24 1 1508
340.9 24.2 -0.00134 -0.00881 132.4 -0.10 1 1508
347.8 -162.8 0.00269 0.01077 5.5 -0.16 1 1508
173.2 212.3 -0.01189 -0.00385 123.2 -0.10 1 1508
-165.9 -14.7 -0.02461 -0.00335 99.2 -0.25 1 1508
184.5 559.0 -0.00962 0.01748 43.8 -0.28 1 1508
393.6 220.0 0.00186 -0.00244 129.3 -0.11 1 1508
436.4 99.3 0.00588 -0.00217 130.1 -0.12 1 1508
-138.6 171.3 -0.02331 -0.00092 107.5 -0.25 1 1508
527.5 199.4 0.00837 -0.01307 13.5 -0.20 1 1508
-217.9 198.5 -0.02092 0.00312 161.8 -0.14 1 1508
356.7 425.9 -0.00334 0.01151 131.3 -0.15 1 1508
126.7 -368.7 0.00427 -0.00848 18.6 -0.13 1 1508
301.5 278.1 -0.00931 -0.00191 93.8 -0.11 1 1508
388.3 462.2 -0.00349 0.01653 109.5 -0.18 1 1508
2.5 18.6 -0.01669 -0.00984 69.5 -0.21 1 1508
34.2 -290.1 0.00204 0.01545 3.0 -0.38 1 1508
593.9 148.1 0.00666 -0.00373 57.2 -0.19 1 1508
720.6 103.4 -0.02778 -0.00116 2.6 -0.37 1 1508
565.2 -16.7 0.00662 -0.02088 37.4 -0.22 1 1508
381.5 127.1 -0.00296 -0.00047 17.6 -0.18 1 1508
185.2 -44.5 -0.00925 -0.01225 136.3 -0.16 1 1508
-393.6 259.1 -0.02051 0.00150 63.0 -0.30 1 1508
-590.5 148.7 -0.02938 0.00882 14.8 -0.59 1 1508
505.6 63.2 0.00667 -0.00284 80.2 -0.16 1 1508
437.8 223.3 0.00125 0.01295 72.3 -0.14 1 1508
410.0 321.3 0.00110 0.00886 145.9 -0.11 1 1508
193.2 93.9 -0.00438 0.00500 164.7 -0.04 1 1508
263.5 114.2 -0.00888 -0.00762 114.0 -0.12 1 1508
48.7 -81.6 -0.01616 -0.01078 102.0 -0.21 1 1508
108.8 352.3 -0.02495 -0.00040 23.0 -0.24 1 1508
250.3 -171.3 -0.00427 -0.01123 78.9 -0.19 1 1508
-158.0 468.5 -0.02170 0.01524 77.4 -0.25 1 1508
-37.2 447.0 -0.00748 0.01274 77.5 -0.13 -1 1508
293.5 613.2 0.02938 -0.12076 1.5 -0.84 1 1508
-111.4 -293.9 -0.00655 -0.01860 11.4 -0.31 1 1508
59.1 374.7 -0.01863 -0.01891 19.3 -0.09 1 1508
-228.7 316.5 -0.02163 0.00651 129.3 -0.21 1 1508
-251.1 321.0 -0.02826 0.02203 15.0 -0.13 1 1508
-145.3 207.0 -0.02330 -0.00005 126.1 -0.23 1 1508
-129.6 472.9 -0.02255 0.01813 5.5 -0.38 1 1508
364.8 -50.5 -0.00198 -0.01022 127.1 -0.14 1 1508
333.0 354.3 -0.00262 0.01252 153.5 -0.15 1 1508
660.8 171.1 -0.00209 -0.01723 6.7 -0.24 1 1508
274.1 34.1 -0.00577 -0.00873 155.1 -0.11 1 1508
350.3 756.3 -0.01675 0.02730 12.2 -0.30 1 1508
86.4 257.0 -0.01472 0.00764 145.5 -0.13 1 1508
-21.6 587.7 -0.01415 0.01644 69.9 -0.20 1 1508
455.8 188.2 -0.00002 0.00150 90.2 -0.15 1 1508
635.3 18.3 -0.00326 -0.01822 35.3 -0.22 1 1508
197.8 344.1 -0.00977 0.01307 150.8 -0.14 1 1508
-121.7 6.2 -0.02237 -0.00792 78.6 -0.26 1 1508
348.4 59.7 -0.00355 -0.00879 169.0 -0.10 1 1508
254.8 349.6 -0.00448 0.01332 130.0 -0.14 1 1508
627.8 125.9 0.01060 -0.00533 61.7 -0.19 1 1508
-189.9 347.5 -0.02198 0.00810 128.3 -0.22 1 1508
-508.7 11.0 -0.02160 0.00042 79.4 -0.13 -1 1508
505.9 284.6 0.00876 0.00726 101.0 -0.18 1 1508
455.2 469.1 -0.00496 0.01869 55.5 -0.24 1 1508
-64.6 -131.0 -0.02450 -0.02269 9.9 -0.43 1 1508
-258.1 67.2 -0.02803 -0.00430 83.0 -0.29 1 1508
-63.2 420.6 -0.02215 0.02160 12.9 -0.30 1 1508
-193.3 577.7 -0.01874 0.01480 39.0 -0.31 1 1508
-229.5 199.0 -0.02583 0.00078 122.7 -0.23 1 1508
-121.5 7.3 -0.02375 -0.00293 94.9 -0.24 1 1508
361.2 94.7 0.00082 -0.00620 132.4 -0.12 1 1508
212.3 -15.8 -0.00844 -0.00956 135.9 -0.12 1 1508
414.1 261.6 0.00266 0.00816 109.3 -0.13 1 1508
143.2 505.5 -0.00705 0.01578 103.0 -0.15 1 1508
59.3 30.9 -0.01143 0.00507 41.1 -0.06 1 1508
369.7 206.7 -0.00751 -0.00507 82.7 -0.11 1 1508
-321.1 140.8 -0.01535 -0.00124 125.3 -0.11 -1 1508
181.0 566.1 -0.02342 0.00660 52.0 -0.19 1 1508
-610.8 327.4 -0.02668 0.00227 18.6 -0.45 1 1508
338.6 186.5 0.00085 -0.00222 138.0 -0.07 1 1508
303.5 385.0 -0.00945 -0.00031 145.2 -0.11 1 1508
-80.9 592.4 -0.00454 -0.01884 6.3 -0.38 1 1508
245.9 142.1 -0.00264 0.00562 148.6 -0.05 1 1508
289.1 176.7 -0.00115 -0.00467 123.8 -0.08 1 1508
244.7 138.0 -0.01155 0.00586 135.6 -0.09 1 1508
201.0 -558.0 0.00062 -0.04796 16.4 -0.31 1 1508
409.5 185.8 0.00510 0.00095 157.8 -0.12 1 1508
573.4 54.6 0.01158 -0.01636 53.6 -0.24 1 1508
473.1 400.1 0.00394 0.01169 70.1 -0.17 1 1508
8.0 83.6 -0.01748 -0.00485 128.5 -0.15 1 1508
413.2 425.2 -0.00211 0.01375 115.7 -0.14 1 1508
506.8 73.7 0.00146 -0.00917 74.7 -0.14 1 1508
165.9 393.3 -0.01199 0.01205 125.6 -0.17 1 1508
342.8 201.0 0.00110 -0.00213 154.8 -0.08 1 1508
54.6 148.2 -0.01754 -0.00394 117.1 -0.16 1 1508
14.7 -148.9 -0.01253 -0.01002 62.1 -0.21 1 1508
613.4 349.6 0.00202 0.00847 35.1 -0.19 1 1508
392.6 284.5 0.00198 -0.00231 93.8 -0.12 1 1508
240.1 91.7 -0.00261 0.00452 145.2 -0.05 1 1508
343.8 162.8 -0.00218 -0.00514 146.2 -0.09 1 1508
211.3 123.2 -0.01121 0.00581 132.4 -0.09 1 1508
-132.0 236.7 -0.02212 0.00239 112.1 -0.21 1 1508
242.1 337.4 -0.01106 -0.00072 113.7 -0.11 1 1508
382.7 303.4 0.00590 0.00391 126.3 -0.14 1 1508
31.0 557.1 -0.02202 0.01839 21.4 -0.31 1 1508
52.0 396.1 0.00203 0.00941 15.5 -0.13 1 1508
291.5 144.2 -0.01017 0.00702 84.8 -0.12 1 1508
162.6 342.8 -0.00292 -0.00023 134.7 -0.06 1 1508
619.5 59.5 0.00659 -0.00673 44.8 -0.20 1 1508
561.3 621.8 -0.05766 0.17727 0.5 -1.89 1 1508
566.6 143.0 0.01317 -0.00992 58.7 -0.18 1 1508
729.5 366.0 0.02360 0.01480 14.7 -0.28 1 1508
266.6 163.7 -0.00355 0.00694 162.6 -0.06 1 1508
-144.1 177.0 -0.02200 0.00261 133.8 -0.18 1 1508
394.1 279.2 -0.00015 0.01117 114.0 -0.15 1 1508
175.8 310.8 -0.01084 0.01013 147.8 -0.13 1 1508
486.7 348.9 -0.01447 -0.01188 27.3 -0.21 1 1508
-58.3 -85.7 -0.01503 -0.01463 5.3 -0.59 1 1508
427.9 234.3 0.00678 0.00476 110.0 -0.16 1 1508
384.6 266.5 0.00310 0.00001 141.0 -0.10 1 1508
510.9 502.1 0.01544 0.01730 11.5 -0.29 1 1508
190.9 378.0 -0.00863 0.01292 167.9 -0.13 1 1508
-390.4 255.9 -0.03096 0.00418 56.6 -0.41 1 1508
-16.8 -122.8 -0.01499 -0.01132 134.6 -0.16 1 1508
-213.9 99.8 -0.02434 -0.00408 117.1 -0.24 1 1508
376.6 137.7 0.00430 -0.00055 148.4 -0.11 1 1508
-243.2 650.9 -0.03083 0.02043 55.9 -0.21 -1 1508
-628.5 126.5 -0.01759 -0.00985 40.0 -0.18 -1 1508
363.7 231.9 0.00564 0.00322 130.1 -0.13 1 1508
545.1 186.5 0.01033 -0.00006 76.3 -0.15 1 1508
370.0 -236.2 0.00200 -0.01092 69.9 -0.18 1 1508
-15.1 111.9 -0.01479 0.00889 70.9 -0.12 1 1508
-238.6 -344.7 -0.06231 -0.00710 1.4 -0.33 -1 1508
486.2 127.4 0.00266 -0.00426 93.8 -0.14 1 1508
185.2 455.9 -0.01221 0.01415 89.2 -0.21 1 1508
386.8 454.2 -0.00050 0.01566 108.8 -0.19 1 1508
312.1 445.5 -0.00495 0.01363 114.5 -0.18 1 1508
-50.9 174.4 -0.03655 -0.01229 4.0 -0.68 1 1508
490.4 285.7 0.00574 0.00503 82.3 -0.14 1 1508
210.0 191.1 -0.01063 0.00831 154.7 -0.09 1 1508
401.3 135.7 0.00239 -0.00567 97.2 -0.13 1 1508
453.6 109.0 0.00156 0.00221 133.4 -0.10 1 1508
17.6 216.1 -0.01647 0.00443 170.9 -0.11 1 1508
623.2 194.7 0.01782 -0.00063 70.5 -0.21 1 1508
394.9 -131.1 -0.00028 -0.01557 81.8 -0.23 1 1508
244.9 719.9 -0.00815 0.01489 11.7 -0.27 1 1508
244.2 -27.6 -0.00804 -0.01211 107.2 -0.17 1 1508
650.9 168.0 0.00378 -0.00404 11.3 -0.19 1 1508
189.9 301.3 -0.01817 0.01082 4.7 -0.64 -1 1508
-600.9 162.9 -0.03199 -0.00368 24.9 -0.62 1 1508
114.7 446.3 -0.01033 0.01196 109.6 -0.14 1 1508
141.3 362.8 -0.01257 0.01115 125.2 -0.15 1 1508
58.8 41.6 -0.00846 0.00804 49.1 -0.05 1 1508
286.1 -123.4 -0.00829 -0.01428 94.0 -0.22 1 1508
-16.6 494.9 -0.00916 0.00898 24.3 -0.26 1 1508
298.0 261.2 -0.00774 0.00983 131.2 -0.13 1 1508
214.7 59.4 -0.00289 0.00320 155.5 -0.04 1 1508
565.5 339.9 0.02878 0.01627 6.0 -0.36 1 1508
251.3 192.2 -0.00024 0.00771 131.5 -0.09 1 1508
193.3 277.5 -0.00410 -0.00291 107.5 -0.08 1 1508
442.8 246.5 0.00305 0.01358 103.2 -0.12 1 1508
178.9 68.7 -0.01110 -0.00930 108.1 -0.11 1 1508
452.0 252.5 0.00309 -0.00406 108.2 -0.12 1 1508
320.3 311.6 -0.00174 0.01054 119.4 -0.11 1 1508
-6.1 254.6 -0.01790 0.00690 127.6 -0.16 1 1508
394.1 69.1 0.00317 -0.00706 116.1 -0.14 1 1508
668.0 74.2 0.01024 0.00740 29.5 -0.22 1 1508
138.8 244.9 -0.01001 0.00294 110.4 -0.06 1 1508
280.1 183.6 -0.00295 -0.00580 123.5 -0.10 1 1508
255.4 184.1 -0.01283 0.00495 71.3 -0.11 1 1508
-105.7 466.0 -0.02723 0.01653 48.2 -0.29 1 1508
-64.2 267.4 -0.01852 0.00374 131.3 -0.14 1 1508
387.4 550.2 -0.00018 0.01610 71.9 -0.19 1 1508
217.3 134.2 -0.00985 -0.00739 134.1 -0.12 1 1508
643.6 217.4 0.01191 0.00666 17.7 -0.23 1 1508
-286.1 214.0 -0.02822 0.00164 91.7 -0.30 1 1508
470.4 324.7 0.00388 0.00465 73.0 -0.15 1 1508
495.5 197.3 0.01102 -0.00163 95.9 -0.15 1 1508
306.6 225.0 -0.00302 0.00959 140.3 -0.10 1 1508
701.3 54.6 0.01813 -0.00735 45.1 -0.21 1 1508
231.4 272.2 -0.00837 0.01137 147.3 -0.13 1 1508
119.3 346.3 -0.00612 -0.00114 164.8 -0.04 1 1508
-58.4 349.0 -0.00933 0.00342 90.8 -0.05 1 1508
52.7 288.9 -0.01629 0.00772 156.9 -0.14 1 1508
575.3 -21.8 0.00785 -0.00819 43.5 -0.17 1 1508
184.8 -12.4 -0.00918 -0.00994 121.4 -0.13 1 1508
245.1 155.3 -0.00391 0.00723 150.1 -0.07 1 1508
-414.7 387.4 -0.01836 0.00796 104.3 -0.13 -1 1508
147.6 147.0 -0.01340 0.00557 140.7 -0.10 1 1508
-36.2 177.4 -0.01944 0.00140 135.8 -0.15 1 1508
155.3 477.0 -0.00386 0.01178 26.6 -0.22 1 1508
382.4 500.7 0.00644 0.00872 57.6 -0.14 1 1508
-133.9 397.1 -0.02337 0.00915 104.4 -0.29 1 1508
528.4 306.7 0.00774 0.01094 53.5 -0.15 1 1508
441.4 181.9 0.01174 -0.00249 28.2 -0.21 1 1508
303.3 -22.1 -0.00281 0.00264 91.2 -0.05 1 1508
776.0 405.8 0.02152 0.02569 8.4 -0.39 1 1508
10.4 350.4 -0.01822 0.01166 82.8 -0.22 1 1508
-216.2 58.0 -0.02367 -0.00379 92.6 -0.25 1 1508
349.3 597.5 0.00887 0.01923 25.5 -0.32 1 1508
272.1 -161.9 -0.00557 -0.01091 98.0 -0.16 1 1508
244.4 311.0 -0.00889 0.01129 154.3 -0.14 1 1508
110.7 563.0 -0.01389 0.05121 8.3 -0.42 1 1508
256.2 -115.6 -0.00569 -0.01266 127.5 -0.14 1 1508
381.3 511.0 0.00467 0.01882 61.9 -0.22 1 1508
-169.9 91.8 -0.01027 0.00686 38.6 -0.06 1 1508
35.0 46.1 -0.00992 0.00482 28.7 -0.06 1 1508
-362.9 227.1 -0.03165 -0.00341 61.9 -0.42 1 1508
189.4 155.7 -0.02203 -0.01024 15.1 -0.23 1 1508
-182.8 7.1 -0.02273 -0.00758 89.7 -0.24 1 1508
740.1 72.4 0.00824 -0.02818 11.3 -0.36 1 1508
-173.2 328.7 -0.02522 0.00946 75.9 -0.32 1 1508
593.1 148.9 0.01848 -0.00138 27.6 -0.25 1 1508
-73.1 499.1 -0.02621 0.02406 5.9 -0.36 1 1508
439.0 -129.3 0.00081 -0.01092 136.4 -0.13 1 1508
851.3 363.4 0.00946 0.01468 3.0 -0.37 1 1508
315.5 283.7 -0.00722 0.01027 144.0 -0.13 1 1508
-65.8 337.2 -0.01774 0.00816 133.3 -0.15 1 1508
62.6 335.7 -0.01465 0.00979 153.0 -0.14 1 1508
168.0 329.9 -0.00470 -0.00117 98.8 -0.06 1 1508
192.8 394.2 -0.01210 0.01483 82.6 -0.20 1 1508
587.3 203.8 -0.01770 0.01458 8.4 -0.19 1 1508
-0.1 466.9 -0.02086 0.00862 83.9 -0.19 1 1508
167.9 301.6 -0.01195 0.01055 114.2 -0.15 1 1508
-195.9 168.2 -0.02258 0.00148 121.2 -0.20 1 1508
32.5 439.0 -0.01378 0.00856 107.2 -0.16 1 1508
447.2 197.2 0.00551 0.00649 107.1 -0.12 1 1508
252.0 228.0 0.00327 0.00362 169.6 -0.08 -1 1508
309.2 144.4 -0.00119 0.00645 120.5 -0.08 1 1508
-101.3 28.0 -0.02160 -0.00755 84.7 -0.25 1 1508
637.0 250.5 0.00375 0.00286 31.0 -0.20 1 1508
-116.9 468.1 -0.02468 0.00987 79.0 -0.22 1 1508
-223.4 -20.4 -0.02349 0.00426 23.5 -0.13 1 1508
-291.6 94.8 -0.02641 -0.00297 85.9 -0.31 1 1508
335.2 137.0 0.00178 -0.00469 117.6 -0.09 1 1508
-242.6 269.2 -0.02733 0.00415 101.0 -0.32 1 1508
279.0 151.7 -0.00584 0.00073 116.3 -0.03 1 1508
51.2 501.5 -0.01282 0.00948 62.1 -0.19 1 1508
259.5 241.8 -0.00431 0.00908 119.2 -0.09 1 1508
-261.6 214.2 -0.02197 0.00227 128.0 -0.18 1 1508
606.8 167.4 0.00349 0.00109 67.7 -0.13 1 1508
196.0 -189.2 -0.00454 -0.02182 58.8 -0.27 1 1508
457.1 168.5 0.00111 -0.00104 109.1 -0.12 1 1508
525.1 185.6 0.00767 0.00097 86.3 -0.14 1 1508
-81.2 -12.2 -0.02036 -0.00880 104.1 -0.23 1 1508
206.8 -122.2 -0.00984 -0.01232 137.9 -0.14 1 1451
372.3 -170.3 -0.00159 -0.01445 70.7 -0.21 1 1451
313.7 401.5 -0.00192 0.01539 104.7 -0.19 1 1451
261.0 758.0 -0.01680 0.03774 14.2 -0.48 1 1451
505.3 76.9 0.01188 -0.00343 47.4 -0.18 1 1451
-358.9 479.4 -0.03031 0.01613 28.5 -0.50 1 1451
584.4 108.1 0.01237 -0.00378 25.2 -0.18 1 1451
90.8 -292.6 -0.01831 -0.01759 25.2 -0.29 1 1451
35.0 277.2 -0.01915 0.00386 87.6 -0.18 1 1451
-182.9 453.1 -0.02092 -0.00099 37.2 -0.33 1 1451
-27.2 -207.1 -0.01762 -0.01395 57.2 -0.24 1 1451
318.1 780.7 -0.01512 0.00796 3.1 -0.46 1 1451
515.5 266.1 0.00845 0.00246 70.2 -0.16 1 1451
412.6 397.1 0.00515 0.00809 70.0 -0.21 -1 1451
419.0 -131.7 -0.00235 -0.01477 82.2 -0.21 1 1451
231.6 -43.8 -0.00885 -0.01281 104.6 -0.19 1 1451
108.7 434.6 -0.00908 0.01563 90.6 -0.20 1 1451
5.9 327.0 -0.02029 0.01034 82.1 -0.24 1 1420
-152.0 560.1 -0.02994 0.00914 20.6 -0.22 -1 1420
-589.9 380.3 -0.03994 0.00518 57.7 -0.27 -1 1420
-139.4 526.2 -0.00641 0.02032 53.8 -0.18 -1 1420
28.0 -227.7 -0.08440 0.01098 1.6 -0.47 1 1420
291.2 63.1 -0.00048 -0.01170 32.4 -0.17 1 1420
370.4 46.3 -0.00819 0.00377 115.5 -0.07 1 1420
-378.8 -65.7 -0.02117 -0.00487 67.9 -0.14 -1 1420
-33.9 520.1 -0.01980 0.00910 17.9 -0.27 1 1420
379.0 22.0 -0.00523 -0.01363 17.1 -0.23 1 1420
75.5 291.1 -0.03234 0.00481 5.9 -0.55 1 1413
17.1 -75.2 -0.01874 -0.01266 67.1 -0.29 1 1413
635.7 229.0 0.00927 -0.00073 42.7 -0.20 1 1413
212.8 -23.6 -0.01562 -0.01916 9.5 -0.37 1 1413
-180.1 571.3 -0.00993 0.01857 75.7 -0.14 -1 1332
296.1 66.8 -0.00322 -0.00859 150.0 -0.10 1 1332
-736.0 92.8 -0.01814 -0.01229 16.5 -0.29 -1 1332
-239.3 392.0 -0.02363 0.01092 95.0 -0.30 1 1332
-382.9 188.7 -0.02469 -0.00030 86.2 -0.20 -1 1332
-191.2 132.6 -0.01213 -0.00682 128.9 -0.08 -1 1332
229.7 346.9 0.00352 0.00634 121.8 -0.10 -1 1332
235.7 158.2 -0.00970 0.00661 157.4 -0.09 1 1332
-126.6 513.6 -0.03929 0.02716 13.8 -0.35 1 1332
-248.9 395.4 -0.00612 -0.01271 17.8 -0.16 -1 1332
-304.8 -181.4 -0.01973 -0.01377 82.6 -0.18 -1 1332
-65.4 193.5 -0.01906 0.00306 131.8 -0.14 1 1332
-395.3 23.5 -0.02217 0.00530 40.6 -0.03 -1 1332
-99.6 16.2 -0.01449 -0.00154 172.0 -0.05 -1 1332
-320.1 615.2 -0.02238 0.04325 9.9 -0.60 1 1332
-382.1 15.6 -0.02743 -0.01064 55.6 -0.33 1 1332
-443.4 -108.0 -0.01913 -0.00614 79.3 -0.14 -1 1332
-143.6 309.9 -0.00929 0.01105 188.6 -0.07 -1 1332
-340.4 81.5 -0.02493 0.00089 110.6 -0.15 -1 1332
-65.9 389.5 -0.00545 0.01188 122.2 -0.08 -1 1332
-301.1 567.9 -0.01141 0.00817 50.9 -0.15 -1 1332
-650.6 393.9 -0.02290 0.00965 32.3 -0.29 -1 1332
-792.3 -40.7 -0.01277 -0.00928 8.9 -0.33 -1 1332
121.0 -173.8 -0.02429 -0.10398 0.9 -0.81 1 1332
-125.0 403.2 -0.00788 0.01435 146.5 -0.10 -1 1332
-14.5 -13.6 -0.01590 -0.00714 159.1 -0.11 1 1332
-45.8 480.5 -0.01394 0.01554 84.3 -0.20 1 1332
559.7 121.8 0.00176 -0.00289 42.8 -0.27 -1 1332
-162.5 -67.4 -0.01577 0.00216 93.7 -0.04 -1 1332
-124.8 -386.7 -0.00927 -0.03711 7.0 -0.15 -1 1332
-377.1 160.4 -0.02505 0.00053 99.8 -0.14 -1 1332
133.8 245.1 -0.00013 0.00442 201.4 -0.05 -1 1332
157.1 378.7 0.00059 0.00877 165.3 -0.08 -1 1332
-764.3 303.4 -0.06733 0.01336 5.4 -0.87 1 1332
-35.4 509.1 -0.00222 0.01461 71.3 -0.13 -1 1332
9.0 167.4 -0.01878 0.00264 149.0 -0.14 1 1332
227.9 158.6 -0.01177 0.00485 166.2 -0.09 1 1332
-224.7 -42.8 -0.01315 0.00392 134.9 -0.02 -1 1332
-210.7 501.6 -0.00952 0.01073 44.3 -0.17 -1 1332
230.0 85.8 -0.01201 0.00533 74.5 -0.09 1 1332
280.5 103.9 -0.00096 0.00529 135.5 -0.06 1 1332
434.5 -62.9 -0.00954 -0.00670 39.8 -0.17 1 1332
119.0 568.0 0.01104 0.02625 51.9 -0.18 -1 1332
-265.7 231.4 -0.02476 0.00363 93.0 -0.27 1 1332
128.1 225.8 -0.01381 0.00843 119.1 -0.11 1 1332
-297.5 189.1 -0.01581 -0.00153 154.2 -0.06 -1 1332
149.4 54.5 -0.01262 -0.00737 135.7 -0.12 1 1332
-611.9 278.9 -0.02697 0.00557 57.9 -0.21 -1 1332
-393.0 484.3 -0.00792 0.00747 53.8 -0.14 -1 1332
509.3 257.9 0.00422 0.01174 82.3 -0.13 1 1332
-52.2 308.2 -0.00917 0.00320 141.7 -0.02 -1 1332
-516.3 276.7 -0.02092 0.00747 102.1 -0.12 -1 1332
440.8 254.3 0.00670 0.00412 103.2 -0.14 1 1332
246.1 174.8 0.00258 0.00110 158.3 -0.06 -1 1332
250.0 250.2 -0.00793 0.01029 185.4 -0.10 1 1332
-60.7 492.4 -0.00190 0.02172 51.0 -0.16 -1 1332
-118.3 298.5 -0.00761 0.01024 152.5 -0.06 -1 1332
155.0 227.1 -0.01449 0.00923 62.6 -0.14 1 1332
-601.5 390.5 -0.02647 0.00897 76.0 -0.19 -1 1332
380.0 381.4 0.00853 0.00618 95.7 -0.18 -1 1332
302.3 169.9 -0.00906 0.00703 160.9 -0.10 1 1332
-254.2 154.9 -0.02206 -0.00180 100.5 -0.22 1 1332
473.5 161.0 -0.01113 -0.00333 42.8 -0.10 1 1332
47.2 345.9 -0.01510 0.01128 138.2 -0.14 1 1332
-194.2 -5.0 -0.01642 0.00435 60.0 -0.07 -1 1332
-58.4 -53.1 -0.01211 0.00182 103.7 -0.03 1 1332
431.8 175.8 0.01158 -0.00253 85.6 -0.20 -1 1332
-522.1 498.0 -0.03309 0.00712 45.2 -0.24 -1 1332
-400.8 263.2 -0.02108 -0.00025 101.0 -0.15 -1 1332
-85.2 598.9 -0.04352 -0.01513 3.3 -0.42 1 1332
-107.9 217.7 -0.02258 0.00102 126.3 -0.22 1 1332
213.7 36.0 -0.01501 0.00300 43.7 -0.11 1 1332
-78.5 53.3 -0.01945 -0.00475 132.3 -0.16 1 1332
428.3 193.9 0.00680 0.00327 106.3 -0.15 -1 1332
489.5 166.3 0.00783 0.00817 21.7 -0.15 1 1332
524.0 198.7 0.01125 0.00060 50.6 -0.22 -1 1332
48.1 -27.0 -0.01694 -0.01059 57.4 -0.20 1 1332
-600.7 133.0 -0.02958 0.00020 59.7 -0.18 -1 1332
-94.5 487.6 -0.00549 0.01664 104.3 -0.13 -1 1332
124.3 164.9 -0.00783 -0.00736 42.5 -0.08 1 1332
-93.1 142.4 -0.02155 -0.00167 132.7 -0.20 1 1332
180.0 424.4 0.00451 0.00925 105.7 -0.12 -1 1332
256.0 385.8 -0.01118 0.01265 117.5 -0.18 1 1332
-168.4 -373.0 -0.01645 -0.03295 24.3 -0.14 1 1332
-330.5 503.5 -0.01522 0.01345 79.4 -0.15 -1 1332
172.2 190.8 -0.01343 0.00763 88.4 -0.11 1 1332
-333.2 608.6 -0.01960 -0.04183 2.7 -0.33 -1 1332
-119.2 341.4 -0.00847 0.01249 144.3 -0.09 -1 1332
-610.5 382.0 -0.03736 0.00212 39.6 -0.29 -1 1332
158.6 -213.2 -0.01155 -0.01019 55.6 -0.19 1 1332
250.9 176.5 0.00315 0.00204 160.2 -0.07 -1 1332
484.4 84.9 0.00505 -0.00200 113.0 -0.12 1 1332
-518.9 110.4 -0.02958 0.00822 67.5 -0.18 -1 1332
187.5 198.2 -0.01314 -0.00185 176.7 -0.10 1 1332
17.0 196.4 -0.01188 0.01165 7.8 -0.20 1 1332
-469.1 130.5 -0.03254 0.00202 32.1 -0.43 1 1332
-207.6 -365.1 0.10927 -0.07639 0.5 -1.61 -1 1332
-237.5 222.5 -0.01132 0.00907 167.9 -0.08 -1 1332
-459.1 423.9 -0.02643 0.01000 83.4 -0.23 -1 1332
-21.4 -289.3 0.01152 -0.01637 4.4 -0.12 -1 1332
-211.6 -123.8 -0.01875 -0.00411 115.0 -0.12 -1 1332
-704.9 272.4 -0.04059 -0.03258 12.1 -0.33 -1 1332
-739.4 96.3 -0.04045 -0.00192 16.2 -0.33 -1 1332
-481.2 514.0 -0.03504 0.00737 39.0 -0.30 -1 1332
-441.6 335.9 -0.02656 0.00598 92.1 -0.19 -1 1332
377.7 64.4 -0.00056 -0.00676 135.2 -0.10 1 1332
-37.8 -295.1 0.00122 -0.00340 32.3 -0.06 1 1332
196.6 266.0 -0.01202 -0.00138 160.3 -0.09 1 1332
-500.7 39.7 -0.03004 -0.00052 88.2 -0.20 -1 1332
-125.9 255.7 -0.00478 0.00510 41.5 -0.02 -1 1332
-357.7 265.4 -0.01721 0.00183 119.4 -0.08 -1 1332
-633.0 230.7 -0.02533 -0.01570 16.8 -0.32 -1 1332
-612.4 195.5 -0.02627 -0.00018 70.3 -0.16 -1 1332
-171.6 -43.6 -0.00707 -0.00137 65.0 0.00 -1 1332
-109.9 631.2 -0.00723 0.00832 27.7 -0.17 -1 1332
-38.2 106.2 -0.01896 -0.00311 120.2 -0.16 1 1332
180.6 376.6 -0.01219 0.01256 85.3 -0.15 1 1332
371.4 109.1 0.00002 -0.00531 163.5 -0.09 1 1332
298.5 114.7 -0.00296 -0.00627 151.7 -0.08 1 1332
-629.1 219.4 -0.03037 0.00072 46.9 -0.21 -1 1332
-533.6 11.3 -0.02695 -0.00502 49.4 -0.18 -1 1332
-123.6 449.9 -0.00958 0.01443 88.2 -0.13 -1 1332
-376.2 -154.1 -0.03395 -0.09350 2.3 -0.32 -1 1332
629.9 -160.9 0.03274 -0.10143 2.1 -0.66 1 1332
43.8 2.1 -0.01593 -0.01368 20.2 -0.23 1 1332
-345.1 500.9 -0.02282 0.00783 68.4 -0.18 -1 1332
-343.8 576.6 -0.01503 0.01907 45.6 -0.20 -1 1332
-378.3 513.7 -0.01609 0.00070 14.3 -0.37 1 1332
-134.1 -56.4 -0.02046 -0.00875 87.1 -0.19 1 1332
-102.8 296.1 -0.02155 0.00689 138.2 -0.19 1 1332
-200.8 407.9 -0.01409 0.01308 120.9 -0.13 -1 1332
-558.9 210.2 -0.02236 0.01868 11.9 -0.58 1 1332
-17.7 559.6 0.01061 -0.02145 11.2 -0.30 1 1332
-156.0 447.8 -0.01128 0.00958 111.0 -0.10 -1 1332
-620.7 -166.1 -0.03465 -0.00064 32.4 -0.29 -1 1332
-139.3 197.1 -0.02339 0.00168 114.6 -0.22 1 1332
-87.8 739.2 0.03192 0.03179 8.5 -0.38 -1 1332
-277.6 61.0 -0.01403 -0.00684 88.8 -0.11 -1 1332
-536.2 409.9 -0.05249 0.01118 8.4 -0.63 1 1332
-120.3 508.1 -0.01017 0.02212 93.8 -0.13 -1 1332
-592.6 463.9 -0.03219 0.00216 65.2 -0.24 -1 1332
92.9 406.3 -0.01146 0.01674 78.1 -0.19 1 1332
258.8 315.0 -0.00040 -0.00003 120.6 -0.07 1 1332
180.7 82.2 -0.00120 0.00794 37.0 -0.06 -1 1332
-228.6 689.1 -0.01175 0.02233 16.5 -0.28 -1 1332
145.8 328.8 -0.01251 0.01226 96.1 -0.17 1 1332
-520.8 139.3 -0.02910 0.00097 62.8 -0.20 -1 1332
77.8 55.0 -0.00704 0.00596 62.8 -0.04 -1 1332
505.0 -319.3 0.02509 -0.01476 12.4 -0.39 -1 1332
227.1 65.4 -0.00992 -0.00929 97.7 -0.14 1 1332
-190.2 293.3 -0.00944 0.00890 153.2 -0.05 -1 1332
562.8 550.3 0.01199 0.02736 9.6 -0.40 -1 1332
-374.4 261.8 -0.02433 0.00389 131.6 -0.13 -1 1332
319.4 175.2 -0.00074 0.00804 104.1 -0.08 1 1332
-308.6 517.1 -0.01814 0.00437 68.3 -0.12 -1 1332
260.4 173.2 -0.00283 0.00765 139.1 -0.06 1 1332
-555.2 376.1 -0.02339 0.00334 84.0 -0.17 -1 1332
-342.8 157.8 -0.01162 0.00430 73.4 -0.03 -1 1332
-549.0 241.5 -0.02478 0.00850 77.0 -0.14 -1 1332
226.1 -35.5 -0.00878 -0.01186 116.8 -0.16 1 1332
-221.3 651.0 -0.00547 0.01892 79.5 -0.17 -1 1332
-634.7 298.6 -0.03558 -0.00037 35.0 -0.28 -1 1332
270.5 380.8 -0.00616 0.01205 170.9 -0.13 1 1332
-40.1 625.7 -0.03524 0.01461 12.2 -0.33 1 1332
240.2 300.1 0.00347 0.00593 170.4 -0.09 -1 1332
598.9 -290.7 0.02058 -0.00885 15.2 -0.20 -1 1332
466.2 282.0 -0.00076 0.00968 121.1 -0.11 1 1332
71.4 559.0 0.00271 0.01767 80.1 -0.16 -1 1332
-472.0 478.0 -0.02194 0.01104 61.4 -0.22 -1 1332
418.3 370.3 0.00571 0.00807 33.7 -0.26 1 1332
-34.6 404.6 -0.00664 0.01356 115.9 -0.13 -1 1332
-53.0 391.0 -0.00252 0.01183 16.9 -0.14 1 1332
-111.6 -329.4 -0.00093 -0.01940 39.0 -0.18 -1 1332
-86.3 705.2 0.01073 0.02156 41.1 -0.22 -1 1332
240.9 137.2 -0.01093 0.00626 149.0 -0.08 1 1332
-494.2 34.6 -0.03572 0.00566 9.6 -0.09 -1 1332
340.3 358.9 0.00001 0.01223 87.7 -0.14 1 1332
140.8 547.9 0.00988 0.02057 25.4 -0.25 -1 1332
-474.8 0.0 -0.01805 -0.00347 61.7 -0.14 -1 1332
-183.9 216.4 -0.02167 0.00351 134.2 -0.17 1 1332
-890.3 -45.9 -0.05456 -0.01403 15.8 -0.47 -1 1332
-118.2 134.4 -0.02100 0.00118 147.4 -0.17 1 1332
-619.5 202.3 -0.02032 0.00524 52.0 -0.20 -1 1332
614.1 83.6 0.00827 -0.04125 14.8 -0.28 1 1332
-91.4 -31.1 -0.01406 -0.00223 10.9 -0.08 -1 1332
-445.1 296.8 -0.02608 0.00530 71.2 -0.25 -1 1332
-426.0 456.5 -0.02231 0.00491 51.0 -0.14 -1 1332
-544.5 408.3 -0.02024 0.02872 56.5 -0.21 -1 1332
-129.6 -208.7 -0.00925 0.00112 20.2 -0.04 -1 1332
-0.2 208.2 -0.00333 -0.00133 104.4 -0.04 -1 1332
-271.0 455.4 -0.01374 0.01188 123.4 -0.11 -1 1332
-303.2 368.8 -0.00513 0.01427 50.2 -0.12 -1 1332
2.5 546.0 0.00412 0.01815 56.2 -0.15 -1 1332
-409.0 382.1 -0.03165 0.00256 56.8 -0.48 1 1332
-47.1 395.4 -0.00520 0.01435 106.0 -0.11 -1 1332
318.4 -106.3 0.00564 -0.00938 108.4 -0.16 -1 1332
724.3 250.2 0.01382 0.00507 18.6 -0.23 1 1332
-7.2 557.9 -0.00416 0.01661 81.4 -0.14 -1 1332
197.0 381.9 -0.00867 0.01386 134.9 -0.16 1 1332
356.5 97.0 0.00738 -0.00080 98.0 -0.13 -1 1332
-651.9 32.0 -0.02401 -0.00474 48.9 -0.23 -1 1332
-289.5 487.7 -0.04243 0.01265 7.2 -0.45 1 1332
-280.7 322.4 -0.01629 0.01079 134.2 -0.10 -1 1332
-298.5 188.0 -0.03675 0.06563 1.4 -0.29 -1 1332
-155.8 170.9 -0.00683 0.00302 103.7 -0.01 -1 1332
-352.2 -53.0 -0.01650 -0.00651 144.2 -0.08 -1 1332
-186.8 -95.0 -0.00797 -0.00334 15.3 -0.04 -1 1332
256.1 -39.7 -0.00631 -0.00936 170.1 -0.09 1 1332
295.1 303.6 -0.00824 -0.00245 146.3 -0.09 1 1332
-32.6 480.1 -0.01814 0.02199 56.9 -0.25 1 1332
-400.0 516.5 -0.04195 0.01241 25.0 -0.51 1 1332
103.0 2.3 -0.00027 -0.00815 90.1 -0.09 -1 1332
-404.1 72.5 -0.01928 -0.00273 125.7 -0.10 -1 1332
249.3 354.7 -0.00261 0.00021 144.2 -0.06 1 1332
-121.2 490.8 -0.00681 0.01909 22.3 -0.18 -1 1332
-269.1 253.3 -0.01421 0.01033 112.9 -0.11 -1 1332
498.1 453.0 0.00639 0.01590 78.4 -0.28 -1 1332
-202.3 8.5 -0.01181 0.00358 58.4 -0.02 -1 1332
-172.6 439.2 -0.00951 0.01269 142.4 -0.09 -1 1332
182.6 55.8 -0.01081 -0.00991 123.0 -0.16 1 1332
-314.1 53.5 -0.01571 -0.01176 91.3 -0.12 -1 1332
-639.4 348.7 -0.01935 0.00658 49.0 -0.19 -1 1332
6.3 -193.6 0.00207 0.00429 8.6 -0.08 -1 1332
60.9 744.1 -0.01426 0.06914 1.3 -0.47 -1 1332
-169.8 341.5 -0.01028 0.01132 159.3 -0.08 -1 1332
235.9 -81.4 -0.01876 -0.00266 11.9 -0.18 1 1332
606.3 178.6 0.00657 0.02440 28.1 -0.18 1 1332
-410.7 -248.5 -0.01519 -0.00544 13.0 -0.22 -1 1332
-137.5 669.6 -0.02215 0.03263 45.0 -0.24 -1 1332
684.1 218.9 -0.01669 -0.01127 1.4 -0.38 1 1332
-96.7 430.2 -0.00086 0.00578 66.2 -0.11 -1 1332
632.6 152.0 0.02661 0.01868 9.2 -0.33 -1 1332
-130.2 352.9 -0.02185 0.01047 86.4 -0.23 1 1332
243.4 371.8 -0.00771 0.01291 131.1 -0.14 1 1332
308.8 323.3 -0.00599 0.01277 146.2 -0.15 1 1332
229.4 573.8 0.02803 0.02134 11.8 -0.29 -1 1332
-176.9 691.3 -0.00869 0.03561 12.2 -0.28 -1 1332
-57.6 248.3 -0.00934 0.00231 70.2 -0.02 1 1332
153.9 650.9 0.01812 0.04350 8.7 -0.31 -1 1332
-57.9 -232.2 -0.01776 -0.01433 114.8 -0.07 -1 1332
383.7 200.6 0.00645 0.00175 119.2 -0.12 -1 1332
-130.2 458.8 -0.00778 0.00949 118.5 -0.09 -1 1332
-154.6 -215.9 -0.01015 -0.01403 88.1 -0.12 -1 1332
-426.9 85.9 -0.01925 0.00182 119.5 -0.10 -1 1332
-185.0 576.1 -0.00872 0.02424 85.8 -0.16 -1 1332
-324.1 -153.5 -0.02142 -0.00191 60.8 -0.17 -1 1332
735.7 179.3 0.00398 -0.00510 9.4 -0.43 -1 1332
-249.8 480.8 -0.02198 0.00965 88.3 -0.14 -1 1332
-387.2 358.4 -0.01907 0.00367 93.8 -0.19 -1 1332
313.2 150.7 -0.01024 0.00526 105.8 -0.10 1 1332
-181.0 271.9 -0.00986 0.01012 180.4 -0.06 -1 1332
-321.7 296.7 -0.02018 0.00468 116.5 -0.15 -1 1332
745.9 469.6 -0.00458 0.09309 3.0 -0.56 1 1332
-249.0 17.0 -0.01695 -0.00260 159.6 -0.09 -1 1332
-12.3 627.4 -0.01659 0.01903 34.7 -0.19 -1 1332
241.3 169.7 -0.00073 -0.00571 76.3 -0.08 1 1332
-136.0 121.7 -0.02134 -0.00292 128.8 -0.17 1 1332
-493.8 555.5 -0.04902 -0.04705 2.0 -0.45 -1 1332
-519.5 -48.9 -0.01849 -0.01697 53.0 -0.18 -1 1332
-319.3 -70.3 -0.00649 -0.01450 73.4 -0.16 -1 1332
-528.7 338.1 -0.02980 0.00276 71.7 -0.18 -1 1332
-474.3 -97.9 -0.01611 -0.01114 57.9 -0.18 -1 1332
324.7 169.1 0.00600 0.00145 138.2 -0.11 -1 1332
291.2 478.0 0.01188 0.01156 10.3 -0.23 -1 1332
-553.7 295.0 -0.02565 -0.00387 40.2 -0.21 -1 1332
297.3 114.4 -0.00966 0.00562 129.3 -0.08 1 1332
-66.7 -187.1 -0.01573 -0.00864 124.9 -0.05 -1 1332
-102.5 512.4 0.00183 0.00657 53.6 -0.14 -1 1332
16.1 510.8 -0.00561 0.01530 83.4 -0.11 -1 1332
-113.9 293.2 -0.02092 0.00680 126.4 -0.19 1 1332
-180.6 506.9 -0.01334 0.01181 113.2 -0.12 -1 1332
-193.4 209.5 -0.02389 0.00147 109.9 -0.22 1 1332
-17.7 441.3 -0.01536 0.01712 102.5 -0.19 1 1332
308.3 255.7 -0.00112 0.00939 132.5 -0.09 1 1332
-245.5 73.4 -0.01448 -0.00628 121.4 -0.07 -1 1332
154.9 608.7 0.00309 0.00781 12.2 -0.25 -1 1332
-9.2 555.4 -0.00852 0.01095 18.1 -0.23 1 1332
-388.4 247.2 -0.02796 -0.00086 89.1 -0.23 -1 1332
281.5 187.0 -0.01100 0.00760 57.9 -0.11 1 1332
-34.1 113.4 -0.01847 -0.00354 135.2 -0.15 1 1332
-13.3 -5.6 -0.01762 -0.00986 83.8 -0.18 1 1332
240.4 16.9 -0.01313 -0.01535 15.4 -0.26 1 1276
-608.3 465.7 -0.03093 0.01757 6.9 -0.60 1 1276
175.3 91.3 -0.01521 0.00881 1.8 -2.37 1 1276
15.0 435.2 -0.01831 0.01827 63.4 -0.23 1 1276
267.3 121.0 -0.04011 -0.01066 1.6 -2.26 -1 1276
-56.9 167.4 -0.00462 -0.01299 31.9 -0.10 -1 1276
430.1 360.5 0.00533 0.01275 105.4 -0.14 1 1237
-339.3 -142.4 -0.01709 -0.00024 76.1 -0.15 -1 1237
-427.0 195.9 -0.01595 0.00878 93.7 -0.11 -1 1237
84.1 654.8 -0.02283 0.03237 31.4 -0.36 1 1237
-316.6 476.5 -0.02610 0.01481 53.1 -0.31 1 1237
293.9 -432.9 0.02261 -0.02319 6.8 -0.38 -1 1237
242.7 197.8 -0.00280 0.00877 86.9 -0.07 1 1237
2.9 279.9 -0.00753 0.00352 5.3 -0.88 -1 1237
215.4 1.5 -0.01349 0.00730 43.4 -0.10 1 1237
15.8 481.6 0.00179 0.02165 34.3 -0.17 -1 1237
-92.9 706.7 0.00112 0.00939 28.0 -0.22 -1 1237
