331.2 -111.5 -0.00144 -0.00724 7.5 -0.50 -1 1508
-183.5 32.4 -0.02088 -0.00363 10.4 -0.33 1 1508
263.9 364.4 -0.00469 -0.00222 10.0 -0.30 -1 1508
426.5 664.9 0.01588 0.04971 4.5 -0.28 1 1508
313.5 -65.4 -0.01873 0.00167 81.9 -0.09 1 1508
198.1 -34.4 -0.01671 -0.00229 23.4 -0.12 1 1508
349.6 377.2 -0.01223 0.00335 154.3 -0.08 1 1508
216.8 320.1 -0.01293 0.01018 8.6 -0.45 -1 1508
196.1 115.5 -0.01661 0.00096 7.5 -0.48 -1 1508
272.3 59.1 -0.01103 -0.00487 21.8 -0.23 1 1508
22.8 187.6 -0.02114 0.00035 30.2 -0.16 1 1508
212.0 388.7 -0.01748 0.00289 37.6 -0.18 1 1508
253.5 211.9 -0.00222 0.00512 7.1 -0.53 1 1508
374.5 370.2 -0.01773 0.00214 8.1 -0.44 -1 1508
352.8 76.4 0.00779 -0.09095 1.4 -1.26 1 1508
340.6 141.6 -0.01108 -0.00170 12.6 -0.29 -1 1508
39.8 307.4 -0.01861 -0.00054 32.7 -0.11 -1 1508
313.3 -97.1 -0.01204 -0.00773 25.8 -0.16 -1 1508
325.9 324.1 -0.01758 0.02701 2.6 -1.01 1 1508
382.9 98.1 -0.01328 -0.02295 5.5 -0.56 -1 1508
0.0 265.8 -0.01673 0.00298 9.9 -0.32 -1 1508
402.9 130.6 -0.01539 0.00497 8.9 -0.43 1 1508
-83.2 248.3 -0.01495 -0.00279 29.8 -0.06 1 1508
293.8 144.3 -0.01574 0.00128 12.3 -0.23 -1 1508
-216.5 9.6 -0.01282 -0.00598 44.4 -0.05 1 1508
-124.4 135.1 -0.01472 0.00214 127.9 -0.01 1 1508
170.9 66.3 -0.01095 -0.00214 54.2 -0.11 1 1508
379.0 -189.8 -0.02299 0.00513 20.7 -0.07 1 1508
176.2 369.7 -0.01203 0.00351 19.0 -0.14 1 1508
-54.5 81.8 -0.01567 0.00042 151.4 -0.02 1 1508
128.2 121.8 -0.01517 0.00117 139.8 -0.03 1 1508
300.2 -31.0 -0.01965 -0.00353 8.2 -0.43 1 1508
426.1 100.4 -0.00426 -0.00271 22.5 -0.15 1 1508
134.6 131.1 -0.01858 0.00290 72.1 -0.08 1 1508
239.2 -94.8 -0.01672 -0.00078 16.4 -0.13 -1 1508
18.2 225.8 -0.01576 0.00236 102.7 -0.04 1 1508
-156.3 387.9 -0.01703 0.00396 127.1 -0.05 1 1508
201.8 322.6 -0.01565 0.00393 28.3 -0.09 1 1508
92.3 397.3 -0.03867 -0.00595 8.9 -0.18 1 1508
-122.9 211.1 -0.02027 -0.00361 7.4 -0.54 -1 1508
315.8 159.6 -0.01038 -0.00250 8.7 -0.51 1 1508
314.7 -45.9 -0.01125 0.00165 14.4 -0.22 -1 1508
-89.4 133.0 -0.01576 0.00886 8.7 -0.38 1 1508
276.8 113.9 -0.01176 -0.00453 31.5 -0.11 1 1508
-19.2 260.5 -0.01296 0.00752 4.7 -1.00 1 1508
-4.4 136.4 -0.01634 0.00200 20.4 -0.10 1 1508
333.6 244.2 -0.01117 -0.00115 7.4 -0.61 1 1508
-20.8 -53.2 -0.01280 0.00106 31.1 -0.07 1 1508
63.9 247.1 -0.01517 0.00224 139.2 -0.03 1 1508
292.2 -43.9 -0.01317 -0.00040 165.3 -0.04 1 1508
99.5 11.3 -0.01533 0.00037 156.1 -0.02 1 1508
-175.6 23.5 -0.01624 0.00539 65.4 -0.02 -1 1508
-307.6 22.2 -0.07109 0.00522 3.5 -0.29 -1 1508
435.4 -96.1 -0.00768 -0.00493 52.4 -0.09 1 1508
318.8 247.1 -0.01039 0.00270 46.8 -0.12 -1 1508
211.6 202.9 -0.01222 -0.00168 12.4 -0.29 1 1508
-187.8 -100.7 -0.01985 -0.00401 3.9 -1.80 1 1508
10.4 270.8 -0.01972 0.00277 57.4 -0.11 -1 1508
377.7 123.9 -0.00146 -0.01168 16.4 -0.26 1 1508
1.1 217.5 -0.02653 -0.00111 20.4 -0.19 1 1508
295.9 159.8 -0.01580 -0.00010 4.5 -1.40 -1 1508
243.9 146.8 -0.00860 -0.00280 6.6 -0.54 1 1508
61.1 -53.7 -0.01713 -0.00411 6.0 -0.73 -1 1508
-122.9 296.6 -0.01527 0.00330 59.4 -0.05 -1 1508
311.9 96.7 -0.00728 0.00111 59.3 -0.11 1 1508
-10.2 197.5 -0.01515 -0.00301 12.0 -0.32 1 1508
285.2 308.7 -0.01582 0.00187 7.9 -0.50 -1 1508
-186.6 197.1 -0.01534 0.00258 69.4 -0.02 1 1508
-5.1 -51.4 -0.02767 -0.01391 12.6 -0.45 1 1508
-230.3 -43.9 -0.01851 0.01344 7.5 -0.22 1 1508
-123.4 271.0 -0.01532 0.00063 54.8 -0.05 -1 1508
98.0 367.8 -0.01735 0.00358 8.1 -0.46 -1 1508
374.0 -4.2 -0.01275 0.00044 173.1 -0.05 1 1508
253.5 33.1 -0.01192 -0.00245 20.5 -0.18 1 1508
-52.3 121.9 -0.01500 0.00206 14.8 -0.15 1 1508
-223.2 459.0 -0.00793 0.00175 39.0 -0.05 1 1508
-150.3 326.2 -0.01637 0.00307 5.2 -1.09 1 1508
198.2 162.9 -0.01808 -0.00247 13.6 -0.24 1 1508
35.9 264.5 -0.01835 0.00092 20.4 -0.11 -1 1508
2.2 -124.5 -0.01378 0.00059 65.3 -0.02 1 1508
159.4 151.4 -0.01470 0.00149 171.6 -0.03 1 1508
146.0 97.9 -0.01954 0.00105 14.2 -0.20 1 1508
175.9 57.9 -0.01478 0.00052 127.3 -0.03 1 1508
161.3 329.0 -0.02026 -0.00775 16.6 -0.20 1 1508
181.2 28.7 -0.01275 -0.00136 14.0 -0.22 -1 1508
261.2 -5.3 -0.01575 -0.00430 19.2 -0.17 -1 1508
-44.4 301.8 -0.01907 -0.00004 7.8 -0.44 1 1508
-171.7 165.8 -0.01718 0.00201 136.7 -0.02 1 1508
-80.6 238.1 -0.01954 -0.00009 17.2 -0.16 -1 1508
-191.1 339.9 -0.00254 -0.00703 26.2 -0.17 1 1508
198.3 340.9 -0.01186 -0.00544 23.6 -0.16 1 1508
310.9 112.9 -0.00547 0.00517 13.1 -0.24 -1 1508
331.5 313.9 -0.01617 0.03980 2.2 -1.83 -1 1508
182.8 163.2 -0.01390 0.00089 155.6 -0.04 1 1508
81.2 203.9 -0.03348 0.17187 1.2 -2.05 1 1508
97.4 7.9 -0.05151 -0.01481 2.4 -1.27 -1 1508
285.3 13.7 -0.01180 -0.00078 5.3 -1.04 1 1508
-128.5 157.7 -0.01681 -0.02698 8.3 -0.25 -1 1508
413.6 21.4 0.00881 0.04323 2.6 -2.98 1 1508
4.2 223.8 -0.01547 0.00237 113.8 -0.03 1 1508
241.9 5.8 -0.01332 -0.00391 25.2 -0.14 1 1508
-69.1 440.6 -0.01091 -0.00054 23.9 -0.08 1 1508
-174.5 210.6 -0.01717 0.00237 140.5 -0.03 1 1508
80.8 146.2 -0.01353 -0.00230 8.9 -0.44 -1 1508
379.7 -72.9 -0.01270 -0.00431 6.8 -0.68 -1 1508
218.5 287.3 -0.01675 -0.00044 9.2 -0.35 -1 1508
-201.8 291.8 0.01643 0.02778 4.7 -0.57 1 1508
278.8 257.3 -0.01329 0.00226 105.7 -0.05 1 1508
-42.0 150.5 -0.02038 -0.00063 31.9 -0.14 1 1508
-241.1 494.4 -0.03837 0.01113 9.9 -0.11 1 1508
-15.0 380.8 -0.01542 0.00253 64.1 -0.03 1 1508
68.1 -105.7 -0.01803 -0.00458 15.9 -0.24 1 1508
55.5 52.6 -0.01484 0.00023 170.2 -0.02 1 1508
171.1 67.6 -0.00937 -0.00424 26.8 -0.14 1 1508
364.5 303.1 -0.01524 0.00058 5.2 -1.08 1 1508
274.7 255.2 -0.01636 0.00432 5.9 -0.94 1 1508
46.0 184.5 -0.01497 0.00207 91.3 -0.05 1 1508
-79.4 213.9 -0.01700 0.00201 134.8 -0.03 1 1508
-199.8 217.2 -0.01922 0.00600 4.4 -0.95 1 1508
191.3 31.1 -0.02279 0.02610 2.2 -1.17 -1 1508
-56.8 222.7 -0.01555 -0.00209 2.3 -4.37 -1 1508
320.6 26.0 -0.01244 0.00049 135.4 -0.06 1 1508
164.9 -26.5 -0.01495 0.00168 106.7 -0.06 1 1508
503.3 116.3 -0.01153 -0.01251 24.5 -0.08 1 1508
-540.2 404.7 -0.04848 -0.00069 19.6 -0.18 1 1508
76.8 317.7 -0.02155 -0.00324 6.3 -0.62 1 1508
418.9 290.5 -0.00557 0.00226 23.0 -0.21 1 1508
395.9 277.4 -0.01106 0.00635 31.9 -0.21 1 1508
-118.9 231.4 -0.01501 0.00205 92.2 -0.04 1 1508
397.5 -22.6 -0.01472 0.00196 99.9 -0.10 1 1508
355.9 139.2 -0.00620 -0.00076 6.3 -0.65 -1 1508
55.9 -98.5 -0.01860 -0.00040 54.3 -0.07 1 1508
-162.6 167.6 -0.02270 0.00015 2.7 -2.92 1 1508
279.1 376.3 -0.00928 0.00857 21.1 -0.19 1 1508
421.1 61.6 -0.01088 0.00066 76.5 -0.08 1 1508
171.3 140.2 -0.01768 0.00234 40.7 -0.11 1 1508
42.6 28.8 -0.01551 -0.00032 155.1 -0.02 1 1508
162.0 367.2 -0.01419 0.00333 103.7 -0.06 1 1508
284.9 313.2 -0.01497 0.00345 11.3 -0.29 1 1508
-71.5 211.5 -0.01883 0.00195 14.8 -0.18 1 1508
161.0 292.5 -0.01293 0.00271 7.6 -0.54 -1 1508
357.2 187.7 -0.01323 0.01321 29.5 -0.14 1 1508
304.0 58.5 -0.03299 -0.01756 7.2 -0.24 1 1508
151.3 172.3 -0.01374 -0.00328 55.4 -0.07 -1 1508
-103.5 70.7 -0.02411 -0.00642 38.1 -0.19 1 1508
429.9 -79.9 -0.01257 0.00064 96.7 -0.08 1 1508
-34.5 298.6 -0.01461 0.00333 16.6 -0.17 1 1508
-129.1 1.3 -0.01984 -0.00202 2.7 -2.97 -1 1508
383.6 162.5 -0.01193 -0.00282 14.2 -0.29 -1 1508
-191.1 -144.1 -0.02899 -0.01565 10.9 -0.27 1 1508
-189.1 113.5 -0.01796 0.00087 147.3 -0.02 1 1508
297.2 164.8 -0.00189 0.00164 20.4 -0.14 1 1508
227.5 112.7 -0.02061 -0.01158 8.3 -0.29 1 1508
165.4 265.1 -0.01956 0.00109 19.0 -0.24 1 1508
229.2 274.4 -0.01371 0.00257 95.4 -0.04 1 1508
402.1 -85.2 -0.01275 0.00113 86.9 -0.08 1 1508
200.9 106.7 -0.02103 -0.00751 10.7 -0.23 1 1508
-38.6 333.6 -0.01612 0.00234 177.2 -0.03 1 1508
-132.2 232.6 -0.01694 0.00281 126.4 -0.03 1 1508
27.1 272.6 -0.02429 0.00929 17.4 -0.32 1 1508
-29.8 109.2 -0.01270 -0.00256 19.0 -0.12 -1 1508
283.3 35.1 -0.01222 -0.00404 19.0 -0.22 -1 1508
92.1 196.4 -0.01535 0.00234 10.3 -0.29 1 1508
14.5 268.1 -0.01832 0.00166 25.6 -0.09 1 1508
-120.2 104.8 -0.01964 -0.00003 18.0 -0.14 1 1508
62.8 111.0 -0.01285 0.00217 28.5 -0.14 1 1508
-118.4 298.2 -0.01811 0.00314 1.1 -19.48 1 1508
228.2 147.9 -0.01646 -0.00170 3.3 -2.31 1 1508
41.8 179.8 -0.01949 -0.00236 34.9 -0.15 1 1508
72.7 227.4 -0.01243 0.01379 1.2 -4.12 1 1508
-66.8 360.3 -0.01444 -0.00294 11.6 -0.21 -1 1508
85.7 -127.3 -0.02852 -0.02176 6.9 -0.29 -1 1508
-166.7 167.3 -0.01728 0.00088 134.0 -0.02 1 1508
-93.6 -33.4 -0.01521 -0.00431 6.6 -0.60 -1 1508
-122.8 126.4 -0.01931 0.00210 8.4 -0.41 1 1508
-27.4 49.0 -0.01785 0.00231 4.2 -1.56 1 1508
376.0 44.8 -0.01260 0.00096 142.2 -0.06 1 1508
-98.9 -161.7 0.02550 -0.01704 2.2 -0.49 1 1508
-54.6 242.9 0.04851 -0.04691 1.1 -1.61 1 1508
-133.9 28.7 0.02361 -0.00461 6.0 -0.44 -1 1508
-124.8 -26.9 -0.01512 0.00640 12.9 -0.19 1 1508
-57.9 96.2 -0.02143 -0.00525 6.3 -0.80 -1 1508
389.6 -118.2 -0.01475 -0.03804 0.6 -3.82 -1 1508
37.0 176.1 -0.02465 -0.00127 21.8 -0.20 1 1508
158.9 39.7 -0.01171 0.00154 57.1 -0.09 1 1508
-76.4 68.6 -0.01956 0.00064 9.1 -0.38 -1 1508
19.2 268.5 -0.02551 0.00104 23.3 -0.17 1 1508
222.0 240.3 -0.02126 0.00490 72.9 -0.11 1 1508
1.7 229.8 -0.01505 0.00136 46.7 -0.04 1 1508
-143.9 381.0 -0.01736 0.00287 156.0 -0.03 1 1508
-46.3 203.6 -0.01660 0.00158 196.7 -0.02 1 1508
158.8 52.6 -0.01254 0.00728 77.4 -0.06 1 1508
192.6 364.9 -0.02052 0.00460 16.6 -0.18 -1 1508
41.0 350.6 -0.01533 0.00221 90.2 -0.03 1 1508
142.7 133.6 -0.00922 -0.00078 18.4 -0.14 1 1508
-14.9 340.1 -0.02148 0.00488 18.7 -0.21 1 1508
108.2 302.8 -0.01648 0.00384 27.3 -0.09 -1 1508
-80.2 34.0 -0.01567 0.00031 151.5 -0.01 1 1508
294.4 -104.7 -0.01569 -0.00280 12.0 -0.29 1 1508
-182.5 367.0 -0.01768 -0.00138 9.2 -0.33 -1 1508
16.4 189.3 -0.01612 0.00189 139.5 -0.03 1 1508
29.5 147.1 -0.02723 0.00137 11.2 -0.27 1 1508
-1.3 106.0 -0.01821 0.00075 12.3 -0.23 -1 1508
-150.5 172.6 -0.01703 0.00161 88.9 -0.03 1 1508
397.4 39.3 -0.01301 0.00032 151.6 -0.04 1 1508
183.1 38.4 -0.00848 0.00510 15.4 -0.25 -1 1508
-245.0 374.2 -0.02530 0.01481 30.3 -0.13 1 1508
84.1 165.9 -0.01556 -0.00302 33.4 -0.08 -1 1508
-70.1 424.4 -0.01198 0.00457 76.5 -0.05 1 1508
337.5 241.4 -0.01801 0.00163 7.2 -0.43 -1 1508
-46.3 -77.7 -0.01684 0.00129 22.6 -0.14 1 1508
289.0 73.2 -0.01133 -0.00281 12.0 -0.29 1 1508
390.2 12.8 -0.01186 -0.00026 108.9 -0.07 1 1508
128.2 159.9 -0.02135 -0.00456 22.7 -0.17 1 1508
334.8 275.9 -0.01076 0.00258 16.0 -0.18 1 1508
522.9 387.2 -0.00943 0.01263 11.8 -0.15 1 1508
57.6 43.0 -0.01446 -0.01405 6.0 -0.46 -1 1508
115.9 275.1 -0.01766 -0.00014 14.5 -0.20 1 1508
34.0 233.1 -0.01392 0.00165 11.9 -0.26 1 1508
277.6 281.7 -0.01372 0.00300 8.1 -0.46 1 1508
-81.7 169.3 -0.01908 0.00233 23.6 -0.12 -1 1508
376.6 218.4 -0.01638 0.01615 22.6 -0.18 1 1508
125.6 -16.7 -0.01878 -0.00506 3.7 -1.97 1 1508
-191.9 313.1 -0.02673 -0.01063 13.8 -0.21 1 1508
228.8 -99.5 -0.00957 0.00008 16.6 -0.17 -1 1508
245.5 135.9 -0.01220 0.00016 6.5 -0.68 -1 1508
-267.9 170.3 -0.01990 -0.00336 26.0 -0.18 1 1508
80.0 27.6 -0.01528 0.00100 3.5 -2.21 -1 1508
118.3 144.9 -0.01560 0.00197 3.2 -2.50 -1 1508
72.6 365.6 -0.02077 -0.00338 62.2 -0.07 1 1508
119.2 49.2 -0.01868 -0.00409 6.5 -0.69 -1 1508
135.5 82.8 -0.01268 -0.00497 6.0 -0.73 1 1508
171.5 59.3 -0.01682 -0.00063 9.8 -0.30 -1 1508
253.1 275.9 -0.01557 0.00317 17.2 -0.16 -1 1508
-102.8 235.1 -0.02056 0.00189 53.1 -0.11 1 1508
308.9 219.3 -0.01248 0.00210 113.1 -0.07 1 1508
141.4 128.4 -0.01486 0.00151 142.0 -0.03 1 1508
121.7 217.9 -0.01422 0.00230 173.8 -0.04 1 1508
-92.3 168.6 -0.01468 0.00102 73.2 -0.04 1 1508
339.8 39.8 -0.01286 -0.00022 178.9 -0.05 1 1508
271.4 301.8 -0.01423 0.00298 3.9 -1.90 -1 1508
283.8 354.1 -0.00615 -0.01540 11.6 -0.18 1 1508
-39.7 94.0 -0.01880 0.00393 8.3 -0.50 1 1508
274.0 205.8 -0.02941 0.01035 3.2 -0.88 -1 1508
46.8 57.3 -0.01500 -0.00314 20.6 -0.15 1 1508
-231.2 221.3 -0.01022 0.00968 26.7 -0.05 1 1508
195.6 157.0 -0.01017 0.00141 90.8 -0.08 1 1508
121.5 21.0 -0.01448 0.00062 138.1 -0.03 1 1508
7.4 134.3 -0.01463 -0.00558 9.1 -0.35 -1 1508
131.3 143.3 -0.01438 0.00136 145.1 -0.03 1 1508
106.9 151.6 -0.02223 -0.00052 49.9 -0.15 1 1508
209.8 -94.9 -0.07030 0.05398 1.0 -1.08 1 1508
153.6 -82.6 -0.01769 -0.00598 24.0 -0.17 1 1508
426.3 -17.5 -0.01283 -0.00388 67.0 -0.07 1 1508
141.6 293.7 -0.01818 -0.01873 4.4 -0.79 -1 1508
145.3 -66.7 -0.01319 -0.00021 115.1 -0.05 1 1508
-10.6 218.9 -0.02008 -0.00062 19.1 -0.20 1 1508
26.5 56.9 -0.01547 0.00365 72.5 -0.04 1 1508
-68.5 291.9 -0.01613 0.00291 136.9 -0.03 1 1508
305.2 7.7 -0.01243 0.00021 140.4 -0.06 1 1508
425.5 -69.9 -0.02150 -0.01739 5.9 -0.10 1 1508
144.8 73.7 -0.01462 0.00006 153.7 -0.02 1 1508
96.4 41.1 -0.01623 0.00119 12.5 -0.21 1 1508
372.6 317.5 -0.01319 0.00237 84.1 -0.05 1 1508
-175.7 387.8 -0.02259 -0.02721 3.8 -0.34 1 1508
-0.8 10.5 -0.06550 0.01680 1.2 -6.44 1 1508
-124.0 174.8 -0.01588 -0.00249 7.7 -0.38 1 1508
6.4 28.1 -0.01619 0.00057 115.9 -0.02 1 1508
-19.0 281.2 -0.01430 -0.00051 38.5 -0.08 -1 1508
-287.4 254.1 -0.01955 0.00945 45.5 -0.04 1 1508
-53.9 303.9 -0.01674 0.00247 167.5 -0.03 1 1508
379.0 74.8 -0.00675 -0.00312 1.6 -5.72 -1 1508
210.9 349.9 -0.01253 0.00175 7.1 -0.61 1 1508
-133.7 -66.6 -0.01629 -0.00063 137.8 -0.02 1 1508
166.6 270.5 -0.01301 -0.00096 3.3 -2.61 1 1508
84.9 242.2 -0.01870 0.00199 37.7 -0.11 1 1508
154.4 393.1 -0.00995 0.00131 3.5 -0.43 1 1508
164.4 -87.6 -0.02253 0.00777 18.1 -0.14 1 1508
92.6 23.3 -0.01766 0.00068 13.3 -0.19 -1 1508
346.7 72.1 0.00342 0.01066 2.9 -1.74 -1 1508
-93.0 176.6 -0.01932 -0.00053 9.2 -0.39 1 1508
-8.5 343.3 -0.03026 -0.00899 2.3 -2.85 -1 1508
325.1 25.5 -0.02717 -0.03572 3.0 -1.73 1 1508
116.6 310.6 -0.01812 0.00398 11.0 -0.25 -1 1508
71.7 320.4 -0.01485 0.00348 135.2 -0.05 1 1508
191.5 403.3 -0.01089 0.02191 9.0 -0.24 1 1508
-106.2 -33.0 -0.01631 0.00056 8.4 -0.41 1 1508
-22.1 82.8 -0.01366 -0.00298 36.8 -0.17 -1 1508
301.8 174.8 -0.04507 0.00758 3.5 -0.69 1 1508
129.9 321.5 -0.01479 0.00186 37.9 -0.05 1 1508
-374.1 369.5 -0.03632 0.00555 23.8 -0.09 1 1508
347.7 190.7 -0.00095 0.00731 22.0 -0.19 -1 1508
163.0 105.9 -0.03534 -0.00043 2.1 -1.38 -1 1508
88.1 52.6 -0.01753 0.00121 8.8 -0.39 1 1508
130.4 364.4 -0.01529 0.00381 17.6 -0.14 -1 1508
337.3 -46.8 -0.01390 -0.00421 15.3 -0.23 -1 1508
-154.8 336.0 -0.01986 0.00211 7.6 -0.46 -1 1508
168.3 371.1 -0.01491 0.00350 8.5 -0.45 -1 1508
321.6 359.0 -0.01247 0.00331 165.6 -0.07 1 1508
270.0 148.7 -0.00625 -0.00897 7.2 -0.48 -1 1508
-207.0 -12.1 -0.00269 -0.06308 1.7 -1.79 -1 1508
64.6 165.9 -0.01901 0.00062 40.7 -0.10 1 1508
-110.9 171.7 -0.01655 0.00091 147.2 -0.02 1 1508
293.6 95.2 -0.01252 0.00089 158.0 -0.06 1 1508
178.1 -95.0 -0.01649 -0.00441 2.8 -3.24 1 1508
-49.3 -110.5 -0.01562 -0.00448 5.5 -0.91 -1 1508
-34.6 174.7 -0.01553 0.00117 142.4 -0.02 1 1508
-139.8 63.4 -0.01699 0.00419 50.8 -0.05 1 1508
106.9 -65.7 -0.01538 -0.00071 126.5 -0.03 1 1508
-227.0 208.5 -0.03001 -0.00103 21.1 -0.34 1 1508
-105.3 238.1 -0.01446 0.00260 31.0 -0.10 1 1508
290.6 145.5 -0.01365 0.00135 132.7 -0.04 1 1508
128.7 298.7 -0.02091 0.00058 13.8 -0.21 1 1508
206.2 6.7 -0.01363 0.00015 123.7 -0.04 1 1508
516.3 394.7 -0.00908 0.01337 15.7 -0.13 1 1508
302.5 53.1 -0.01005 0.00222 41.5 -0.10 1 1508
129.6 52.8 -0.01513 0.00065 161.5 -0.02 1 1508
165.0 260.1 -0.00100 -0.01709 6.5 -0.43 1 1508
156.3 -68.3 -0.01676 0.00075 76.8 -0.06 1 1508
-192.3 -66.8 -0.01769 -0.00074 202.8 0.00 -1 1508
-6.4 112.4 -0.05213 0.02274 4.4 -1.09 -1 1508
383.1 -74.8 -0.01232 -0.00111 167.8 -0.06 1 1508
-96.7 165.0 -0.01625 -0.00635 12.3 -0.25 -1 1508
197.6 337.8 -0.01340 0.00285 120.2 -0.06 1 1508
82.3 -36.4 -0.01798 -0.00354 4.2 -1.56 -1 1508
90.9 149.6 -0.01495 0.01585 3.2 -1.63 1 1508
360.3 177.6 -0.01770 -0.00287 7.3 -0.47 -1 1508
383.3 -50.2 0.03009 -0.04165 2.8 -1.59 -1 1508
-155.5 3.8 -0.01595 0.00149 98.3 -0.01 1 1508
373.4 189.5 -0.01112 -0.00022 7.8 -0.55 -1 1508
198.8 -78.3 -0.01783 -0.00756 45.5 -0.15 -1 1508
274.8 -1.2 -0.01289 -0.00010 74.1 -0.07 1 1508
195.9 328.1 -0.01700 0.00142 11.0 -0.24 1 1508
320.6 78.5 -0.00764 -0.00011 8.9 -0.51 1 1508
17.6 96.6 -0.01554 0.00173 115.6 -0.04 1 1508
-60.8 225.5 -0.01627 0.00222 166.4 -0.01 -1 1508
-39.9 22.4 -0.01867 0.00016 11.8 -0.25 1 1508
127.6 -174.6 -0.00435 0.02707 4.1 -0.08 1 1508
234.7 352.8 -0.01048 0.00198 5.3 -0.96 -1 1508
408.0 305.7 -0.04436 -0.02739 8.6 -0.19 1 1508
424.2 145.5 0.00047 -0.01113 20.6 -0.22 1 1508
181.0 -78.0 -0.01356 -0.00068 99.2 -0.05 1 1508
277.6 355.8 -0.01090 0.00323 18.0 -0.18 1 1508
-194.1 184.4 -0.02580 0.00737 46.7 -0.17 1 1508
403.4 411.0 -0.00429 0.01539 11.9 -0.21 1 1508
237.8 2.0 0.00329 -0.02530 6.0 -0.44 1 1508
-312.8 75.6 -0.05490 0.00766 7.7 -0.42 1 1508
380.5 218.8 -0.01724 0.00121 13.8 -0.24 -1 1508
158.5 -54.9 -0.02421 0.00231 4.9 -1.14 1 1508
-14.1 -6.5 -0.02303 0.00146 8.5 -0.42 1 1508
67.4 163.3 -0.01629 0.00505 58.5 -0.06 1 1508
88.2 117.6 -0.01582 0.00374 10.2 -0.31 1 1508
322.2 -27.3 -0.01231 -0.00040 134.3 -0.06 1 1508
222.3 284.6 -0.00746 0.00533 10.4 -0.34 1 1508
-179.2 352.6 -0.02067 0.00089 12.4 -0.23 -1 1508
-140.5 30.8 -0.01826 0.00339 38.5 -0.06 1 1508
-72.2 100.0 -0.01680 0.00091 133.6 -0.02 1 1508
-9.7 230.6 -0.01878 -0.00041 15.7 -0.18 1 1508
157.0 169.9 -0.01723 0.00404 48.0 -0.11 1 1508
324.0 111.7 -0.01376 -0.00286 24.6 -0.13 1 1508
96.8 371.6 -0.02248 -0.00108 25.6 -0.18 1 1508
-27.4 15.7 -0.01489 0.00107 8.5 -0.40 1 1508
36.0 -13.7 -0.02231 -0.00330 5.2 -0.89 1 1508
-190.2 185.4 -0.01715 0.00119 92.8 -0.03 1 1508
-91.7 180.8 -0.01883 -0.00300 5.6 -0.78 1 1508
-15.6 267.5 -0.01284 0.00174 50.0 -0.05 -1 1508
-107.2 350.2 -0.01381 0.00276 91.3 -0.04 1 1508
-107.7 -21.4 -0.01591 -0.00032 103.4 -0.01 1 1508
-143.6 224.2 -0.02016 -0.00176 11.6 -0.26 1 1508
-5.8 353.7 -0.01395 0.00392 56.4 -0.07 1 1508
105.4 373.2 -0.00391 -0.00398 16.1 -0.16 1 1508
304.4 -88.6 -0.01429 -0.00970 10.3 -0.32 1 1508
103.7 205.6 -0.01216 0.00326 15.9 -0.21 1 1508
-172.0 124.1 -0.01650 0.00174 135.6 -0.02 1 1508
370.8 125.8 -0.01123 -0.00154 12.6 -0.32 -1 1508
213.0 368.0 -0.01679 -0.00617 18.3 -0.15 1 1508
405.6 79.2 -0.00773 0.00021 29.8 -0.16 1 1508
340.6 80.0 -0.01299 -0.00450 42.3 -0.11 1 1508
347.5 423.6 -0.00316 -0.00282 39.1 -0.10 1 1508
11.8 297.1 -0.01054 0.00718 12.4 -0.26 -1 1508
197.7 -26.5 -0.01898 0.00159 49.9 -0.13 1 1508
-163.0 -18.2 -0.02032 -0.00219 16.6 -0.18 1 1508
-177.1 -16.2 -0.02323 -0.00518 7.3 -0.64 -1 1508
134.8 132.9 -0.01409 0.00162 90.3 -0.03 1 1508
-72.6 12.8 -0.01846 -0.00350 16.0 -0.21 1 1508
-233.2 -92.8 -0.01434 -0.01019 32.8 -0.13 -1 1508
251.0 36.7 -0.01389 0.00072 148.4 -0.04 1 1508
-214.9 63.5 -0.03670 -0.00142 33.9 -0.36 1 1508
244.0 6.4 -0.01612 0.00030 7.8 -0.51 -1 1508
363.7 -85.1 -0.01728 -0.01447 11.9 -0.28 1 1508
163.6 73.9 -0.01690 0.00122 4.3 -1.54 -1 1508
397.2 -120.0 -0.03641 -0.01919 2.2 -1.52 1 1508
-17.1 288.5 -0.02533 -0.01230 8.9 -0.28 1 1508
258.0 75.1 -0.01364 -0.00319 10.0 -0.30 1 1508
-30.0 104.9 -0.02129 -0.01346 11.3 -0.32 -1 1508
-12.2 60.1 -0.02631 -0.00448 16.5 -0.30 1 1508
325.1 -17.5 -0.01549 -0.00028 5.5 -0.89 1 1508
-163.6 391.4 -0.01736 0.00220 96.5 -0.03 1 1508
339.1 236.6 -0.00661 0.00081 5.5 -0.84 1 1508
-187.0 36.3 -0.03114 0.00460 3.4 -1.58 -1 1508
22.9 35.1 -0.01692 0.00118 8.6 -0.39 1 1508
-68.7 284.5 -0.02026 -0.00497 8.6 -0.43 -1 1508
-1.9 69.4 -0.01681 -0.00314 11.7 -0.25 1 1508
67.9 -18.0 -0.01543 -0.00066 124.9 -0.03 1 1508
115.6 184.1 -0.01484 -0.01133 13.3 -0.17 -1 1508
-163.4 207.5 -0.01643 0.00297 22.9 -0.11 1 1508
-193.1 96.1 -0.03052 0.00592 8.6 -0.55 1 1508
315.8 51.0 -0.01010 0.00094 18.5 -0.17 1 1508
327.6 163.6 -0.00800 -0.00109 59.0 -0.14 1 1508
-120.2 262.7 -0.01895 -0.00208 16.0 -0.18 -1 1508
200.0 241.2 -0.00783 -0.00240 59.0 -0.09 -1 1508
373.6 -12.1 -0.01106 -0.00475 3.2 -2.62 -1 1508
-193.9 -15.1 -0.01765 0.00001 19.6 -0.08 -1 1508
358.2 335.1 -0.01042 0.00393 68.4 -0.12 1 1508
-155.4 -106.1 -0.01831 -0.00523 20.3 -0.15 1 1508
25.2 170.3 -0.01604 0.00166 152.3 -0.03 1 1508
103.8 232.6 -0.01543 0.00293 42.5 -0.05 1 1508
258.9 337.0 -0.01371 0.00376 32.8 -0.09 -1 1508
-157.5 -85.8 -0.01913 -0.00428 6.6 -0.72 -1 1508
447.2 -26.8 -0.00759 0.00824 52.7 -0.08 1 1508
309.4 164.8 -0.01566 0.00112 3.8 -1.66 1 1508
-128.3 -4.3 -0.01660 -0.00379 16.4 -0.17 1 1508
-214.7 147.0 -0.04403 -0.00851 3.9 -0.42 1 1508
241.3 67.4 -0.01397 -0.00471 40.6 -0.10 -1 1508
-268.7 278.5 -0.01446 -0.02272 13.3 -0.08 1 1508
391.3 344.7 -0.03375 -0.03154 3.1 -0.45 1 1508
-59.1 273.9 -0.02358 -0.00072 3.9 -1.15 1 1508
-74.4 375.1 -0.01643 0.00349 141.8 -0.03 1 1508
360.8 421.4 -0.00785 0.00168 76.3 -0.08 1 1508
-17.6 177.9 -0.01686 0.00364 7.5 -0.54 -1 1508
218.2 282.2 -0.01060 0.00127 27.9 -0.12 1 1508
87.9 7.0 -0.01537 0.00023 150.0 -0.03 1 1508
485.0 -14.0 0.00929 -0.01941 4.5 -0.29 1 1508
406.3 18.0 -0.00796 -0.00658 33.5 -0.16 -1 1508
106.4 416.6 -0.01729 0.00967 78.5 -0.06 1 1508
75.1 226.0 -0.01362 0.00331 23.1 -0.11 1 1508
406.0 96.1 -0.01598 0.00532 81.9 -0.08 1 1508
194.7 30.4 -0.01386 0.00067 138.8 -0.04 1 1508
91.2 77.3 -0.01299 -0.00146 26.4 -0.15 1 1508
172.0 -33.4 -0.01751 -0.00458 26.8 -0.15 -1 1508
257.1 287.2 -0.02096 -0.00745 23.0 -0.14 1 1508
352.2 328.2 -0.01581 -0.00011 29.5 -0.12 1 1508
161.1 273.1 -0.01390 0.00244 171.9 -0.04 1 1508
154.5 256.4 -0.16671 -0.10256 1.0 -2.54 -1 1508
-163.6 191.6 -0.01958 -0.00032 2.5 -4.24 -1 1508
-294.8 -4.4 -0.01988 -0.00415 80.6 -0.03 1 1508
407.2 280.5 -0.01190 0.00290 108.4 -0.09 1 1508
-157.4 149.9 -0.02648 0.00154 2.6 -3.63 -1 1508
-143.3 260.7 -0.01890 0.00480 14.2 -0.23 1 1508
394.5 287.8 -0.00757 0.00055 37.7 -0.17 1 1508
326.4 310.2 -0.00979 0.00505 31.2 -0.16 1 1508
8.1 243.1 -0.01429 0.00306 9.3 -0.37 1 1508
1.5 159.6 -0.01762 0.00188 2.3 -5.20 1 1508
164.0 117.4 -0.01672 -0.00024 5.2 -0.97 -1 1508
270.4 77.0 -0.01367 -0.00396 38.2 -0.11 1 1508
251.8 221.4 -0.01314 -0.00179 5.1 -1.07 -1 1508
38.9 134.7 -0.01658 0.00224 53.0 -0.04 1 1508
24.6 -31.7 -0.02431 -0.00535 7.1 -0.65 -1 1508
93.7 3.8 -0.01735 -0.00047 6.7 -0.61 -1 1508
23.3 25.8 -0.01832 0.00681 11.7 -0.29 1 1508
-106.7 371.9 -0.01707 0.00352 108.3 -0.05 1 1508
-166.5 -13.1 -0.00552 0.02377 2.3 -2.50 1 1508
-211.5 173.9 -0.03781 0.00669 4.8 -0.73 -1 1508
556.5 53.5 -0.00915 0.01065 14.9 -0.11 1 1508
-51.3 265.4 -0.02693 0.00516 36.9 -0.23 1 1508
178.0 55.8 -0.01232 -0.00114 14.6 -0.18 1 1508
379.0 93.7 -0.01439 0.00192 8.8 -0.43 -1 1508
-217.2 423.7 -0.03047 -0.01997 16.1 -0.08 1 1508
-10.9 306.2 -0.01846 0.00262 27.6 -0.10 1 1508
262.9 69.2 -0.01694 -0.00357 12.7 -0.26 1 1508
103.2 169.2 -0.01530 0.00152 127.7 -0.03 1 1508
-304.5 129.2 -0.05212 0.02212 6.1 -0.25 1 1508
316.6 350.6 -0.02139 0.00495 44.8 -0.12 1 1508
158.0 -90.1 -0.01702 0.00045 10.2 -0.28 1 1508
329.6 387.5 -0.01401 -0.00525 9.9 -0.27 1 1508
-300.5 215.5 -0.01971 0.00881 13.3 -0.19 1 1508
321.2 -3.3 -0.01559 -0.00140 8.7 -0.42 1 1508
270.4 -98.3 -0.01371 -0.00414 7.1 -0.67 1 1508
146.1 173.0 -0.01495 0.00170 152.8 -0.03 1 1508
195.5 -31.6 -0.02092 0.00227 14.6 -0.19 -1 1508
245.5 92.4 -0.01287 -0.00415 8.1 -0.50 1 1508
280.6 293.8 -0.01154 -0.00027 16.6 -0.20 -1 1508
181.7 -33.8 -0.00844 0.01028 10.5 -0.30 1 1508
122.3 2.8 -0.01271 -0.00512 11.3 -0.26 -1 1508
510.6 20.2 0.00152 -0.00721 29.4 -0.11 1 1508
337.1 145.3 -0.01222 0.00138 78.8 -0.07 1 1508
242.5 18.2 -0.01637 -0.00033 14.9 -0.14 1 1508
108.2 166.4 -0.01751 -0.00059 6.1 -0.71 1 1508
85.9 165.1 -0.01524 0.00317 7.6 -0.52 1 1508
-165.1 287.8 -0.02350 0.00171 2.6 -2.59 1 1508
250.2 114.5 -0.01332 0.00180 118.5 -0.05 1 1508
0.1 228.9 -0.01544 0.00113 49.3 -0.03 1 1508
305.3 -72.1 -0.01525 -0.00429 11.9 -0.30 1 1508
197.0 314.8 -0.00780 -0.00164 27.5 -0.12 -1 1508
-38.2 157.2 -0.01618 0.00146 145.8 -0.02 1 1508
101.2 295.9 -0.01455 0.00306 121.0 -0.05 1 1508
143.4 -65.5 -0.01745 0.00006 20.2 -0.10 -1 1508
-72.5 -64.1 -0.02447 -0.00227 5.3 -0.68 1 1508
135.6 78.0 -0.01422 0.00159 80.0 -0.04 1 1508
415.3 315.0 -0.00756 0.00335 6.8 -0.62 1 1508
141.8 198.3 -0.01810 -0.00570 23.8 -0.13 -1 1508
384.3 98.9 -0.01739 0.00074 8.5 -0.43 1 1508
169.8 113.9 -0.01287 -0.00144 4.0 -1.73 -1 1508
-22.1 202.8 -0.01844 0.00134 18.8 -0.13 1 1508
331.2 274.8 -0.01246 0.00269 121.9 -0.07 1 1508
-309.7 -72.2 -0.05755 -0.00846 1.9 -0.39 1 1508
31.8 397.0 -0.01520 0.00426 148.8 -0.03 1 1508
-281.4 407.4 -0.02491 0.00938 33.2 -0.08 1 1508
-20.5 -27.2 -0.01812 0.00270 15.4 -0.19 -1 1508
-118.1 302.7 -0.01961 -0.00264 2.6 -1.59 1 1508
301.8 21.9 -0.00260 -0.00046 9.2 -0.34 -1 1508
406.6 237.6 -0.01150 0.01539 5.9 -0.67 1 1508
394.8 110.6 -0.01123 -0.00487 9.7 -0.38 1 1508
165.8 253.3 -0.01788 0.00629 3.5 -2.01 -1 1508
318.8 -64.4 -0.01380 -0.00426 5.7 -0.78 -1 1508
315.8 198.2 -0.01099 0.00534 6.7 -0.55 -1 1508
398.0 275.9 -0.00368 0.00657 5.1 -1.15 1 1508
383.3 -61.5 -0.01046 -0.00472 23.1 -0.21 1 1508
-184.0 276.0 -0.01830 0.00319 12.2 -0.24 1 1508
-46.8 349.3 -0.01812 0.00439 43.2 -0.08 1 1508
327.9 67.5 -0.01152 -0.00116 10.6 -0.34 -1 1508
22.3 179.7 -0.01360 0.00218 71.5 -0.05 1 1508
1.3 272.3 -0.02178 -0.01398 4.6 -1.02 1 1508
419.1 -64.3 0.09803 0.02901 0.3 -6.67 -1 1508
133.4 71.1 -0.01157 0.00477 60.3 -0.05 1 1508
117.6 -79.8 -0.01208 -0.00176 48.3 -0.09 -1 1508
-225.8 331.9 -0.01852 0.00210 165.4 -0.02 1 1508
191.5 141.3 -0.01126 0.00248 45.1 -0.11 1 1508
191.5 422.2 -0.01244 0.00442 90.5 -0.06 1 1508
-78.7 352.4 -0.01892 0.00359 21.2 -0.14 -1 1508
264.1 146.1 -0.00957 -0.00025 50.5 -0.11 1 1508
139.4 -82.9 -0.01418 0.01930 2.0 -1.93 -1 1508
-50.5 93.5 -0.01936 0.00102 3.6 -1.79 1 1508
312.5 353.4 -0.01438 0.00345 9.8 -0.37 1 1508
148.6 255.9 -0.01509 0.00277 8.9 -0.40 1 1508
256.5 313.6 -0.01311 0.00345 132.7 -0.06 1 1508
172.1 182.4 -0.01715 -0.00293 13.8 -0.24 -1 1508
-152.6 100.1 -0.01776 -0.00620 11.4 -0.26 -1 1508
-293.5 45.0 -0.02281 0.00222 72.9 -0.03 1 1508
270.4 379.1 -0.01432 0.00375 22.3 -0.12 1 1508
-162.0 330.8 -0.02236 -0.00398 26.3 -0.09 1 1508
48.0 116.1 -0.01795 0.00180 12.7 -0.22 1 1508
-114.4 37.8 -0.01611 0.00036 150.3 -0.02 1 1508
19.0 28.1 -0.01877 -0.00230 23.3 -0.12 -1 1508
125.9 282.6 -0.01777 0.00047 36.0 -0.12 1 1508
427.8 87.9 -0.00931 0.00019 108.1 -0.08 1 1508
405.4 437.2 -0.00221 0.00555 20.4 -0.20 1 1508
53.8 386.0 -0.01319 -0.00541 69.5 -0.07 1 1508
53.3 354.4 -0.01893 0.00662 3.9 -1.72 1 1508
383.2 -72.5 -0.01310 -0.00017 25.0 -0.09 1 1508
358.7 128.2 -0.01073 0.00048 64.8 -0.10 -1 1508
15.5 254.9 -0.01603 0.00191 138.4 -0.03 1 1508
272.2 475.8 -0.02546 0.01576 27.5 -0.17 1 1508
-38.4 258.2 -0.01613 0.00391 144.9 -0.02 -1 1508
43.6 285.3 -0.01552 -0.00098 10.5 -0.32 1 1508
308.1 3.1 -0.01913 0.01593 8.3 -0.27 1 1508
358.6 11.5 -0.01335 0.00367 22.8 -0.25 1 1508
84.5 56.6 -0.01992 -0.00617 21.3 -0.16 1 1508
319.5 114.1 -0.01370 0.00166 6.9 -0.62 1 1508
77.5 287.8 -0.01535 0.00278 122.9 -0.04 1 1508
-79.3 151.7 -0.01371 0.00064 66.1 -0.04 1 1508
65.9 191.3 -0.02459 -0.00298 20.5 -0.15 1 1508
169.4 184.5 -0.01718 -0.00193 17.0 -0.18 1 1508
232.8 241.6 -0.01673 0.00268 4.6 -1.20 1 1508
279.5 239.2 -0.01328 0.00260 121.2 -0.07 1 1508
396.9 -33.9 -0.02278 -0.02345 5.0 -0.54 1 1508
43.0 132.1 -0.01941 -0.00422 20.4 -0.20 1 1508
315.8 -96.4 -0.01754 -0.00489 10.0 -0.42 -1 1508
293.5 142.6 -0.02274 0.01300 19.1 -0.21 -1 1508
259.9 103.1 -0.00767 0.00078 5.7 -0.81 1 1508
345.4 175.9 -0.01490 0.00244 12.1 -0.24 1 1508
-319.3 59.3 -0.09324 0.08319 1.5 -0.69 1 1508
281.4 43.5 -0.01379 0.00012 165.1 -0.04 1 1508
353.8 208.2 -0.00818 -0.00246 34.2 -0.17 1 1508
51.0 151.3 -0.02368 0.00282 17.9 -0.22 1 1508
199.4 21.0 -0.01301 0.00630 10.1 -0.42 -1 1508
168.7 15.4 -0.01781 -0.00424 25.5 -0.15 1 1508
14.6 4.0 -0.01180 0.00244 45.7 -0.09 1 1508
35.8 272.8 -0.02087 0.01678 22.5 -0.21 1 1508
120.7 222.1 -0.01418 0.00206 158.8 -0.04 1 1508
382.2 223.0 -0.01171 0.00256 15.6 -0.21 -1 1508
104.5 326.1 -0.01161 0.00064 19.3 -0.17 1 1508
48.1 324.0 -0.01794 0.00317 10.6 -0.29 -1 1508
517.3 -145.1 0.02163 -0.01135 11.0 -0.23 1 1508
-20.5 -39.8 -0.01154 -0.00193 10.4 -0.27 -1 1508
-107.6 345.7 -0.01540 0.00825 3.4 -1.93 1 1508
329.1 71.2 -0.01342 0.00051 148.0 -0.04 1 1508
-148.6 359.7 -0.02686 -0.01026 10.2 -0.08 1 1508
-98.6 99.4 -0.01945 -0.00139 13.9 -0.23 1 1508
-129.1 72.1 -0.01684 0.00005 95.4 -0.03 1 1508
102.4 373.7 -0.00931 0.00114 30.1 -0.08 1 1508
314.5 -37.9 -0.03329 -0.05278 1.7 -3.57 1 1508
51.9 274.3 -0.02105 -0.00011 2.3 -4.41 -1 1508
-123.3 98.8 -0.01907 -0.00293 8.5 -0.42 -1 1508
53.5 91.5 -0.01173 -0.00408 4.1 -1.51 -1 1508
16.0 281.7 -0.02230 0.00236 20.9 -0.19 1 1508
54.0 277.9 -0.01258 0.00121 51.7 -0.12 1 1508
91.2 146.6 -0.01553 0.00131 128.8 -0.03 1 1508
-135.4 391.9 -0.02475 0.00279 17.3 -0.29 -1 1508
-77.0 394.0 -0.01837 0.00121 113.4 -0.05 1 1508
15.1 22.3 -0.01843 -0.00149 28.7 -0.09 -1 1508
-137.0 -1.0 -0.01740 -0.00531 37.0 -0.10 1 1508
144.6 328.4 -0.01244 0.00262 18.8 -0.13 1 1508
101.4 306.8 -0.01745 0.00329 21.5 -0.14 -1 1508
-47.5 137.4 -0.01896 -0.00189 11.7 -0.29 1 1508
101.4 323.9 -0.01730 0.00329 11.8 -0.26 -1 1508
256.8 173.1 -0.01406 0.00163 87.7 -0.05 1 1508
221.1 80.6 -0.00594 -0.01226 4.0 -1.13 1 1508
33.5 89.6 -0.01353 0.00147 29.4 -0.07 1 1508
185.5 -75.6 -0.01665 -0.00596 9.0 -0.44 -1 1508
164.4 247.7 -0.01671 0.00257 6.4 -0.71 1 1508
70.5 287.8 -0.01373 -0.01197 7.2 -0.57 -1 1508
68.2 -98.3 -0.01667 0.00145 96.0 -0.04 1 1508
294.2 343.3 -0.01280 -0.00047 9.3 -0.40 1 1508
384.4 172.9 -0.01055 -0.00259 24.5 -0.21 1 1508
250.1 94.4 -0.01214 -0.00159 5.0 -1.17 1 1508
40.9 9.2 -0.02213 -0.00026 54.6 -0.16 1 1508
270.2 315.8 -0.01669 -0.00246 17.0 -0.20 1 1508
124.0 -50.2 -0.03417 0.02622 7.0 -0.25 1 1508
376.3 299.1 -0.01416 -0.00399 49.1 -0.12 1 1508
401.0 195.0 -0.00407 0.00418 1.6 -5.58 -1 1508
227.1 194.3 -0.01000 -0.00133 6.7 -0.63 -1 1508
-73.5 228.0 -0.01322 0.00232 54.5 -0.04 1 1508
-126.9 223.8 -0.01733 0.00201 129.6 -0.03 1 1508
254.1 130.3 -0.01457 0.00179 19.6 -0.12 -1 1508
-24.3 -79.0 -0.01822 -0.00491 12.6 -0.26 -1 1508
182.2 351.7 -0.01844 0.00616 59.9 -0.12 1 1508
206.2 386.4 -0.01399 0.00391 77.3 -0.08 1 1508
259.0 -73.6 -0.01623 -0.00310 4.4 -1.11 -1 1508
275.4 -99.6 -0.01336 -0.00147 138.8 -0.05 1 1508
107.6 -22.5 -0.01735 0.00082 10.5 -0.27 -1 1508
-109.4 418.6 -0.02078 0.00063 26.2 -0.05 1 1508
325.1 150.2 -0.01368 0.00600 80.6 -0.08 1 1508
-71.5 279.4 -0.01611 0.00165 188.0 -0.02 1 1508
301.3 -86.6 -0.02248 0.00260 4.9 -0.75 1 1508
385.0 357.3 0.01122 -0.02415 14.6 -0.16 -1 1508
34.2 77.3 -0.01434 -0.00299 9.2 -0.35 1 1508
327.5 -36.6 -0.01178 -0.00390 10.2 -0.39 -1 1508
30.5 140.9 -0.02585 -0.01376 5.3 -0.59 1 1508
216.3 65.9 -0.01082 0.01105 7.2 -0.39 1 1508
179.1 18.7 -0.01965 0.00054 7.3 -0.47 1 1508
251.4 113.4 -0.00348 -0.00880 9.5 -0.35 1 1508
-14.0 55.3 -0.01636 0.00061 154.7 -0.02 1 1508
158.6 79.3 -0.01395 0.00108 143.7 -0.04 1 1508
16.5 -33.6 -0.01863 -0.00443 6.2 -0.63 1 1508
380.1 52.1 -0.01071 0.00068 115.3 -0.07 1 1508
326.3 100.3 -0.01208 0.00118 106.5 -0.07 1 1508
-154.9 109.6 -0.02221 -0.00646 38.1 -0.17 1 1508
-84.1 262.2 -0.01339 -0.00473 23.5 -0.12 1 1508
-168.9 376.1 -0.02838 -0.00329 18.8 -0.08 1 1508
123.8 241.3 -0.02092 -0.00116 47.8 -0.15 -1 1508
-185.0 20.8 -0.02023 -0.00193 22.5 -0.14 -1 1508
-144.4 324.6 -0.01751 0.00286 134.0 -0.04 1 1508
-65.8 350.5 -0.01641 0.00314 140.9 -0.03 1 1508
-55.1 296.0 -0.01680 0.00273 113.2 -0.04 1 1508
320.1 400.5 -0.01554 0.00707 14.1 -0.16 1 1508
-406.9 293.7 -0.02034 -0.00225 41.1 -0.06 1 1508
42.6 44.3 -0.01578 0.00012 164.7 -0.02 1 1508
297.6 8.2 -0.01115 -0.00027 48.1 -0.09 1 1508
-30.6 212.5 -0.01902 -0.00035 14.2 -0.19 1 1508
-1.9 282.6 -0.01624 0.00268 152.1 -0.03 1 1508
227.3 -22.0 -0.01636 0.00392 9.0 -0.45 -1 1508
151.4 249.1 -0.01621 0.00279 9.0 -0.40 -1 1508
191.6 193.4 -0.01378 0.00116 145.6 -0.04 1 1508
-4.0 68.2 -0.01579 -0.00474 10.0 -0.38 -1 1508
410.7 420.6 -0.01425 0.00836 51.1 -0.12 1 1508
164.7 283.4 -0.01507 0.00300 8.7 -0.39 -1 1508
-22.2 282.8 -0.01647 0.00259 122.5 -0.04 1 1508
-82.8 121.2 -0.01433 -0.01518 25.8 -0.14 1 1508
-136.7 219.7 -0.01608 0.00270 8.2 -0.45 -1 1508
379.6 -65.6 -0.01111 -0.00443 11.1 -0.36 -1 1508
-134.9 171.7 -0.01742 0.00163 157.6 -0.02 1 1508
-159.7 251.0 -0.01678 -0.00242 8.3 -0.44 1 1508
117.8 217.9 -0.01518 0.00194 146.3 -0.03 1 1508
318.7 173.9 -0.01322 -0.00296 12.1 -0.27 1 1508
-37.6 256.5 -0.01999 0.00119 24.3 -0.14 1 1508
-157.7 -32.8 -0.01781 -0.00417 9.7 -0.32 1 1508
408.5 -3.7 -0.01226 -0.00720 10.1 -0.41 1 1508
89.1 -13.8 -0.01956 0.00011 21.3 -0.16 1 1508
137.4 -53.1 -0.01229 -0.00646 4.5 -1.35 1 1508
141.9 83.5 -0.01705 0.00029 13.0 -0.20 1 1508
125.9 263.2 -0.01269 0.00078 49.9 -0.09 1 1508
-28.2 211.8 -0.01746 -0.00196 3.4 -1.73 -1 1508
100.3 403.0 -0.00935 0.00130 51.4 -0.08 1 1508
251.9 68.6 -0.00589 -0.00151 9.9 -0.20 1 1508
67.7 143.2 -0.01101 0.00135 15.4 -0.15 1 1508
35.9 -65.5 -0.01590 -0.00055 172.4 -0.02 1 1508
79.0 255.0 -0.01441 0.00234 108.2 -0.05 1 1508
432.8 443.5 -0.02091 0.00643 41.6 -0.11 1 1508
-127.3 384.1 -0.01692 0.00373 146.7 -0.04 1 1508
-17.2 395.1 -0.02182 0.00436 31.0 -0.11 -1 1508
-59.0 152.6 -0.01674 0.00118 146.6 -0.02 1 1508
309.8 -28.8 -0.01268 -0.00074 146.3 -0.05 1 1508
-128.5 -49.1 -0.02030 -0.00453 6.0 -0.83 -1 1508
171.3 -108.4 -0.02102 0.00094 59.1 -0.12 1 1508
40.7 366.1 -0.01516 0.00234 116.2 -0.03 1 1508
165.2 217.5 -0.01420 -0.00555 36.1 -0.15 1 1508
-215.7 59.0 -0.03437 0.00078 17.1 -0.32 1 1508
-192.4 -64.1 -0.01771 -0.00054 132.1 -0.02 1 1508
-68.0 210.9 -0.01665 0.00217 112.6 -0.04 1 1508
116.5 361.8 -0.01917 -0.00174 9.7 -0.34 -1 1508
-192.9 240.6 -0.01989 -0.00346 18.7 -0.15 1 1508
245.1 36.5 -0.01335 -0.00348 21.5 -0.15 -1 1508
9.0 -36.2 -0.01936 -0.00082 16.2 -0.15 -1 1508
-222.1 -35.0 -0.01531 -0.02376 7.3 -0.32 -1 1508
-14.4 101.0 -0.01619 0.00105 110.8 -0.02 1 1508
168.1 122.1 -0.04501 0.02310 3.2 -0.56 1 1508
204.3 265.5 -0.01330 0.00231 129.4 -0.05 1 1508
-29.7 112.1 -0.01332 0.00212 106.4 -0.05 -1 1508
277.5 188.7 -0.00843 -0.00341 16.2 -0.17 -1 1508
-80.5 341.7 -0.01749 0.00347 12.6 -0.24 -1 1508
339.9 93.8 -0.01610 -0.01405 10.0 -0.26 1 1508
64.5 233.7 -0.01458 0.00213 118.2 -0.04 1 1508
50.2 231.4 -0.01572 0.00236 122.5 -0.03 1 1508
-30.4 358.7 -0.01517 0.00349 10.7 -0.30 1 1508
87.9 15.4 -0.01416 0.00183 37.5 -0.05 1 1508
-241.5 353.7 -0.02180 0.00425 15.5 -0.12 -1 1508
-141.9 389.6 -0.01703 -0.00251 9.7 -0.32 1 1508
-177.9 -111.3 -0.01613 -0.00085 108.2 -0.01 -1 1508
434.9 127.1 -0.00638 0.00290 103.3 -0.08 1 1508
431.2 27.6 -0.00825 -0.00508 26.3 -0.07 1 1508
54.6 226.9 -0.01538 0.00203 64.8 -0.05 1 1508
353.7 201.8 -0.01230 0.00193 119.0 -0.07 1 1508
366.8 253.0 -0.01535 0.00497 51.4 -0.08 1 1508
-216.8 11.0 0.01161 0.02772 4.1 -0.22 -1 1508
-177.7 -82.4 -0.01806 -0.00128 100.4 -0.02 1 1508
298.4 477.8 -0.01401 0.02326 17.4 -0.12 1 1508
76.7 191.8 -0.01537 0.00203 139.3 -0.03 1 1508
109.5 205.4 -0.01962 0.00681 8.0 -0.58 1 1508
-104.0 319.8 -0.01616 0.00321 160.4 -0.03 1 1508
-181.8 134.8 -0.02783 0.00167 7.4 -0.69 -1 1508
-32.1 389.9 -0.02543 0.00600 47.6 -0.23 1 1508
-91.4 -27.7 -0.02597 -0.01253 11.1 -0.42 1 1508
-194.4 -35.8 -0.02047 -0.00514 8.9 -0.43 -1 1508
-124.7 77.1 -0.01727 0.00075 152.0 -0.02 1 1508
-334.2 314.3 -0.00612 0.00348 17.9 -0.06 1 1508
-67.2 29.4 -0.01285 -0.00168 61.1 -0.04 1 1508
230.1 135.1 -0.01275 0.00207 31.7 -0.09 -1 1508
61.9 6.8 -0.01361 -0.00221 23.2 -0.13 1 1508
394.9 294.0 -0.01701 0.00230 72.4 -0.10 1 1508
-309.1 96.7 -0.02683 -0.01423 45.8 -0.04 1 1508
400.4 161.7 -0.01079 -0.00007 15.5 -0.21 1 1508
358.9 301.8 -0.01245 0.00347 80.5 -0.09 1 1508
-141.3 350.7 -0.01589 0.00402 47.6 -0.06 -1 1508
428.6 32.3 -0.02887 -0.02775 8.2 -0.28 -1 1508
-35.8 146.3 -0.01358 -0.00126 41.7 -0.11 -1 1508
312.6 120.6 -0.01210 -0.00931 3.8 -0.93 -1 1508
150.8 77.6 -0.01392 -0.00307 9.5 -0.38 -1 1508
297.4 341.5 -0.01901 0.00213 75.6 -0.10 1 1508
-106.4 290.4 -0.01630 0.00175 118.4 -0.02 1 1508
148.7 210.2 -0.01488 0.00240 11.4 -0.25 1 1508
427.2 149.3 -0.00791 0.00008 108.8 -0.07 1 1508
446.6 -95.6 -0.01224 -0.02042 15.5 -0.12 1 1508
4.4 151.5 -0.01751 0.00690 6.7 -0.60 1 1508
-180.2 -120.6 0.08094 -0.03621 2.0 -0.48 1 1508
57.6 -56.4 -0.01507 -0.00420 13.1 -0.25 1 1508
-20.1 311.2 -0.01730 -0.00614 12.9 -0.13 -1 1508
-156.0 299.1 -0.02000 0.00186 15.8 -0.16 -1 1508
50.6 162.8 -0.02412 -0.00043 8.0 -0.43 1 1508
-174.7 193.5 -0.01777 0.00276 150.7 -0.01 -1 1508
152.6 -25.2 -0.01243 0.00162 88.7 -0.03 1 1508
-63.2 78.0 -0.01508 0.00148 6.8 -0.59 -1 1508
167.2 271.2 -0.01266 -0.00007 25.3 -0.12 -1 1508
292.0 78.5 -0.01303 0.00012 116.2 -0.06 1 1508
53.2 130.2 -0.01374 0.01481 9.0 -0.20 1 1508
409.6 309.2 -0.01542 -0.00004 45.5 -0.09 1 1508
-81.0 247.1 -0.02183 0.00094 16.2 -0.22 1 1508
261.8 148.7 -0.01260 -0.00413 14.7 -0.15 -1 1508
342.9 155.2 -0.00506 -0.00869 4.8 -1.12 -1 1508
331.4 169.9 -0.01356 0.00203 14.8 -0.18 -1 1508
-94.3 192.5 -0.01608 -0.00310 28.7 -0.08 1 1508
149.3 405.3 -0.02958 0.01779 10.6 -0.23 1 1508
240.6 375.9 0.00619 -0.00847 11.4 -0.21 1 1508
65.7 150.4 -0.01733 0.00146 3.9 -1.81 -1 1508
-242.8 54.0 -0.03601 0.00501 11.2 -0.28 1 1508
115.7 -77.5 -0.01214 -0.00726 23.3 -0.15 1 1508
247.5 -110.1 -0.01413 -0.00053 67.4 -0.06 1 1508
-54.3 -48.0 -0.01349 -0.00023 6.6 -0.53 -1 1508
119.5 345.0 -0.02661 0.01678 29.2 -0.29 1 1508
179.5 -98.6 -0.01430 -0.00710 36.5 -0.13 -1 1508
-254.2 41.1 -0.01753 0.00306 109.6 -0.02 1 1508
-63.8 -75.5 -0.01677 0.00072 8.5 -0.33 1 1508
339.2 159.3 -0.01216 0.00135 171.8 -0.06 1 1508
-50.4 275.5 -0.01657 0.00265 157.0 -0.03 1 1508
96.5 347.1 -0.01375 0.00333 4.5 -1.42 -1 1508
307.6 -62.8 -0.01204 -0.00431 14.3 -0.26 1 1508
184.0 342.8 -0.02184 -0.00379 2.1 -1.29 1 1508
-102.0 -33.0 -0.02474 -0.00034 44.8 -0.18 -1 1508
420.0 473.4 -0.00067 -0.00131 8.8 -0.18 1 1508
72.4 83.4 -0.01547 0.00117 120.6 -0.03 1 1508
235.5 183.1 -0.00674 -0.00252 4.2 -1.38 1 1508
90.7 79.0 -0.02016 -0.00154 22.8 -0.17 -1 1508
23.9 170.5 -0.01299 -0.00107 30.0 -0.13 -1 1508
1.3 -10.1 -0.01601 -0.00109 129.5 -0.02 1 1508
129.5 -110.8 -0.01182 0.00414 23.6 -0.09 1 1508
112.8 -56.2 -0.03203 0.02264 5.2 -0.37 1 1508
-270.7 282.1 -0.10750 0.05877 1.8 -0.64 1 1508
-134.4 220.5 -0.01641 0.00124 90.2 -0.02 1 1508
417.6 18.0 -0.01323 -0.00200 75.9 -0.07 1 1508
-54.6 99.2 -0.01417 -0.00110 59.4 -0.07 1 1508
90.5 -107.8 -0.01685 0.00150 6.1 -0.49 -1 1508
-96.6 176.4 -0.02282 -0.00625 8.7 -0.45 -1 1508
64.1 220.4 0.02415 0.01850 2.7 -0.83 1 1508
155.0 142.2 -0.01157 -0.00277 0.9 -22.13 -1 1508
-11.7 269.3 -0.01671 0.00296 12.0 -0.22 1 1508
-107.0 216.6 -0.01810 0.00235 2.8 -3.47 1 1508
-59.9 267.8 -0.01860 0.00131 5.6 -0.95 -1 1508
-128.4 297.6 -0.01898 0.00308 8.4 -0.48 1 1508
9.8 224.5 -0.01549 0.00205 48.0 -0.05 1 1508
363.8 70.8 -0.01203 0.00045 123.8 -0.07 1 1508
341.4 53.0 -0.01341 0.00019 163.1 -0.03 1 1508
147.9 153.6 -0.01860 -0.02457 4.6 -0.49 1 1508
12.0 103.5 -0.01667 0.00163 9.5 -0.33 1 1508
48.5 140.6 -0.01855 -0.01652 27.5 -0.15 1 1508
-56.1 26.8 -0.01344 0.00366 4.8 -1.20 1 1508
420.5 28.3 -0.01392 -0.00231 51.3 -0.08 1 1508
-68.7 34.4 -0.02597 -0.00321 5.3 -0.80 1 1508
268.2 131.7 0.00632 -0.05444 1.2 -1.39 1 1508
-114.4 49.1 -0.01638 0.00141 76.7 -0.02 -1 1508
399.2 -30.8 -0.01613 -0.00387 88.2 -0.08 1 1508
212.5 308.9 -0.01206 -0.00942 5.6 -0.60 -1 1508
269.2 296.3 -0.01353 0.00302 137.1 -0.05 1 1508
50.2 224.8 -0.01541 0.00287 127.3 -0.03 1 1508
311.5 -19.6 -0.01160 -0.00044 72.0 -0.06 1 1508
-91.9 305.6 -0.02081 0.00307 15.7 -0.22 1 1508
177.4 381.5 0.01025 -0.03138 4.9 -0.45 1 1508
184.3 108.5 -0.01123 -0.00438 38.3 -0.10 -1 1508
366.3 201.7 -0.01441 0.00248 11.2 -0.28 -1 1508
381.0 254.5 -0.01233 0.00274 122.4 -0.08 1 1508
168.3 194.2 -0.00161 -0.01467 6.4 -0.55 1 1508
266.3 144.0 -0.01402 -0.00775 18.3 -0.19 -1 1508
-57.3 360.6 -0.01916 0.00072 5.3 -0.92 1 1508
-209.2 135.5 -0.01328 -0.00958 7.1 -0.35 1 1508
-17.6 271.4 -0.01589 -0.00111 13.3 -0.21 -1 1508
-213.4 128.3 -0.01793 -0.01438 18.0 -0.20 -1 1508
-174.5 41.6 0.10700 0.00398 1.1 -1.54 -1 1508
-107.0 -46.8 -0.02199 -0.00528 7.6 -0.52 1 1508
295.5 413.7 -0.01019 0.01023 48.5 -0.07 1 1508
172.2 350.3 -0.01792 0.09299 1.0 -2.71 1 1508
167.0 -73.9 -0.01483 -0.00070 141.0 -0.03 1 1508
-208.8 378.0 -0.02601 0.00245 7.8 -0.39 1 1508
-55.4 412.6 -0.01338 -0.00071 103.4 -0.04 1 1508
160.2 354.2 -0.01625 -0.00144 17.0 -0.20 -1 1508
240.5 440.1 -0.01207 0.00475 56.3 -0.08 1 1508
78.5 182.1 -0.02437 -0.00265 22.9 -0.18 -1 1508
-130.8 358.7 -0.02366 0.00223 5.8 -0.91 -1 1508
-469.1 335.6 -0.02449 0.02254 19.8 -0.11 1 1508
288.6 266.4 -0.01178 -0.00024 16.1 -0.22 -1 1508
-217.5 -20.5 -0.03088 0.00150 14.6 -0.07 1 1508
144.6 -28.3 -0.01284 -0.00388 14.1 -0.26 1 1508
202.9 -12.5 -0.01814 0.00014 19.6 -0.21 1 1508
264.1 -37.9 -0.01296 -0.00078 130.9 -0.05 1 1508
369.3 344.9 -0.01508 0.00137 7.4 -0.59 1 1508
-201.4 152.8 -0.01195 0.01173 3.6 -0.81 1 1508
285.6 43.9 -0.00498 -0.03307 0.9 -4.21 -1 1508
293.4 -65.7 -0.01325 -0.00110 159.1 -0.05 1 1508
415.2 100.1 -0.00694 0.00202 26.4 -0.16 -1 1508
30.2 -74.5 -0.01510 -0.00384 10.2 -0.37 1 1508
-123.4 312.9 -0.01919 0.00312 15.9 -0.19 1 1508
68.4 416.0 -0.05780 0.00772 2.2 -0.67 -1 1508
-106.3 313.2 -0.01886 0.00290 5.9 -0.88 1 1508
49.4 91.0 -0.01379 0.00106 7.9 -0.49 1 1508
-108.6 69.8 -0.01720 0.00030 90.4 -0.03 1 1508
-51.3 57.8 -0.01627 0.00048 125.6 -0.02 1 1508
117.0 -28.3 -0.01678 0.00070 11.7 -0.24 1 1508
95.1 -103.9 -0.01412 0.01196 14.7 -0.24 1 1508
84.6 56.3 -0.01514 -0.00554 6.8 -0.57 -1 1508
277.2 208.8 -0.01168 -0.00432 7.2 -0.55 -1 1508
300.6 57.8 -0.01496 0.00954 6.7 -0.63 -1 1508
231.6 -70.2 -0.01364 -0.00115 130.6 -0.05 1 1508
-193.3 280.9 -0.01921 -0.00154 23.5 -0.10 1 1508
-178.8 122.6 -0.02268 0.00082 31.8 -0.17 1 1508
146.4 12.6 -0.01489 -0.00010 152.8 -0.03 1 1508
407.5 -51.5 -0.00882 0.00959 6.5 -0.44 1 1508
-63.9 418.5 -0.01193 0.00774 61.2 -0.06 1 1508
177.9 88.7 -0.02068 -0.00069 3.6 -1.99 -1 1508
292.9 310.1 -0.01644 0.00410 20.1 -0.15 1 1508
11.5 159.0 -0.01347 0.00349 3.8 -1.77 -1 1508
456.4 -9.1 -0.02137 0.00277 19.7 -0.09 1 1508
-171.4 314.2 -0.01329 -0.01861 7.2 -0.26 -1 1508
133.6 92.5 -0.01534 0.00273 73.2 -0.06 1 1508
172.0 412.4 -0.01579 0.00082 108.3 -0.05 1 1508
7.7 -19.1 -0.03887 -0.00616 10.5 -0.39 -1 1508
262.7 408.6 -0.01398 0.00190 51.5 -0.08 1 1508
116.1 17.1 -0.01472 -0.00045 114.9 -0.04 1 1508
296.5 -79.5 -0.01305 -0.00120 169.1 -0.05 1 1508
-265.4 331.2 -0.03771 0.00207 7.2 -0.15 -1 1508
-107.7 221.6 -0.01928 0.00224 7.2 -0.58 1 1508
229.1 232.0 -0.01402 0.00133 150.6 -0.03 1 1508
-81.5 300.0 -0.00987 0.00193 8.5 -0.13 1 1508
456.9 96.1 -0.01452 -0.00284 8.9 -0.13 1 1508
-70.3 244.2 -0.01859 0.00182 11.9 -0.26 1 1508
-50.7 -25.7 -0.01663 -0.00007 123.0 -0.02 1 1508
391.3 394.7 -0.02137 0.00783 10.3 -0.15 1 1508
37.0 147.1 -0.01506 0.00176 180.9 -0.01 -1 1508
152.4 6.3 -0.01692 -0.00007 16.3 -0.16 -1 1508
-87.6 145.5 -0.01667 0.00168 125.8 -0.02 1 1508
126.4 -72.2 -0.01719 -0.00599 9.0 -0.44 -1 1508
397.8 343.3 -0.01066 0.00100 22.8 -0.17 -1 1508
-220.4 357.9 -0.01663 0.01073 42.8 -0.07 1 1508
46.4 318.7 -0.01468 0.00323 30.0 -0.08 1 1508
396.2 -94.7 -0.01386 0.00032 11.5 -0.33 -1 1508
149.3 96.6 -0.01687 0.02340 4.0 -1.03 1 1508
343.5 146.0 -0.00655 0.00139 3.2 -2.04 -1 1508
-170.5 220.8 -0.01748 0.00235 97.0 -0.03 1 1508
184.3 197.1 -0.01682 0.00260 6.6 -0.58 -1 1508
377.6 387.5 -0.00873 -0.00781 6.8 -0.58 1 1508
6.3 183.2 -0.01545 0.00197 158.0 -0.01 -1 1508
365.2 173.3 -0.03115 0.01847 4.9 -0.51 -1 1508
-165.6 255.8 -0.02372 0.00111 22.4 -0.21 1 1508
306.7 410.0 -0.01247 0.00525 120.1 -0.08 1 1508
435.9 377.5 -0.00677 0.00483 117.5 -0.10 1 1508
-228.1 285.4 -0.01646 -0.00363 44.0 -0.09 1 1508
163.4 112.2 -0.01391 0.00065 156.2 -0.04 1 1508
291.3 -23.8 -0.01443 0.00279 111.9 -0.05 1 1508
15.0 156.3 -0.01486 0.00229 126.9 -0.03 1 1508
227.4 407.2 -0.00506 0.00333 21.1 -0.13 1 1508
173.7 375.7 -0.01175 0.01203 9.6 -0.40 -1 1508
212.0 227.1 -0.01468 0.00246 1.4 -13.01 -1 1508
337.6 184.3 -0.01222 0.00137 133.0 -0.07 1 1508
41.1 265.3 -0.02432 -0.00225 7.2 -0.51 -1 1508
-263.8 229.0 -0.13447 -0.03183 0.8 -2.16 -1 1508
-70.0 220.4 -0.01659 0.00171 156.7 -0.02 1 1508
117.4 -30.2 -0.02011 -0.00977 12.8 -0.32 1 1508
282.5 138.6 -0.01494 0.01034 9.5 -0.44 1 1508
-43.4 330.4 -0.01816 0.00838 6.8 -0.68 1 1508
214.7 -59.1 -0.01439 0.00140 36.1 -0.06 1 1508
157.3 405.4 -0.01920 0.00539 14.6 -0.07 1 1508
364.9 159.3 -0.01421 -0.00763 8.9 -0.36 1 1508
138.7 151.0 -0.01508 0.00139 161.6 -0.02 1 1508
-7.3 -18.5 -0.02105 0.00037 28.5 -0.15 1 1508
288.5 332.1 -0.01252 0.00383 31.2 -0.11 1 1508
-11.7 113.2 -0.01304 -0.00199 2.1 -4.55 1 1508
-115.5 221.0 -0.01228 0.00451 28.7 -0.04 1 1508
422.2 48.8 -0.00862 -0.05934 3.5 -0.54 -1 1508
256.7 346.4 -0.00706 0.00415 9.7 -0.38 -1 1508
175.9 129.6 -0.01432 0.00059 146.8 -0.03 1 1508
402.5 10.8 -0.00083 -0.00376 5.7 -0.74 1 1508
97.4 21.8 -0.01964 -0.00437 5.6 -0.90 1 1508
101.2 73.9 -0.00840 0.00274 27.0 -0.09 1 1508
403.0 200.2 -0.00783 0.00193 3.5 -1.78 1 1508
252.6 75.8 -0.01073 -0.00174 27.0 -0.16 -1 1508
301.1 270.9 -0.01062 0.00202 17.6 -0.20 1 1508
206.7 -20.0 -0.01076 0.00216 5.7 -0.79 -1 1508
142.5 26.0 -0.01717 -0.00189 11.8 -0.26 1 1508
-107.6 179.9 -0.01941 0.00450 10.8 -0.27 1 1508
-2.0 159.4 -0.02358 -0.00638 5.4 -0.75 -1 1508
-163.9 155.1 -0.01983 -0.02121 6.0 -0.58 1 1508
353.2 357.8 -0.01205 0.00376 89.8 -0.09 1 1508
398.2 291.8 -0.01494 0.00532 68.2 -0.08 1 1508
268.7 116.5 -0.01608 -0.00055 11.0 -0.26 1 1508
256.7 289.8 -0.01611 0.00245 15.7 -0.16 1 1508
160.6 -121.1 0.00904 -0.00362 14.9 -0.19 -1 1508
-168.7 384.2 -0.02837 0.00835 37.3 -0.33 1 1508
364.0 70.6 -0.01540 -0.00569 6.3 -0.63 -1 1508
358.7 446.6 0.06368 0.06309 1.0 -0.81 1 1508
195.7 373.6 -0.01539 -0.00711 4.2 -1.27 1 1508
139.5 27.4 -0.01041 -0.00015 51.2 -0.09 1 1508
-239.0 -100.3 -0.01812 0.00803 54.9 -0.03 1 1508
285.3 360.5 -0.01610 0.00278 25.4 -0.11 -1 1508
-132.0 218.2 -0.02142 0.00155 24.0 -0.17 1 1508
275.5 359.1 -0.02896 -0.00480 62.0 -0.10 1 1508
-27.2 294.3 -0.02369 -0.00101 16.3 -0.26 1 1508
412.2 40.7 -0.01134 0.00035 116.7 -0.08 1 1508
130.6 33.3 -0.01440 0.00026 171.1 -0.01 -1 1508
-134.9 246.4 -0.01678 0.00278 124.8 -0.03 1 1508
-3.8 246.3 -0.01489 0.00254 3.2 -2.75 -1 1508
2.9 162.3 -0.02293 0.00372 31.9 -0.18 1 1508
-103.4 280.7 -0.01700 0.00276 108.4 -0.04 1 1508
-222.1 -16.7 -0.04554 -0.00858 4.9 -0.70 1 1508
237.7 -90.0 -0.01193 -0.00524 10.0 -0.40 1 1508
-112.8 264.3 -0.02562 0.00448 4.3 -1.67 1 1451
377.2 -92.8 0.00317 -0.00466 13.8 -0.29 1 1451
244.7 103.6 -0.01128 -0.00003 34.2 -0.11 1 1451
313.7 142.0 -0.01550 -0.00130 2.3 -4.95 -1 1451
237.0 115.8 -0.01195 -0.00306 2.8 -3.24 1 1451
287.5 392.5 -0.01733 0.00039 137.3 -0.05 1 1451
237.9 68.2 -0.01453 0.00132 4.2 -1.51 -1 1451
163.9 357.0 -0.01663 0.00317 4.6 -1.37 1 1451
345.2 369.1 -0.01096 0.00295 28.9 -0.14 1 1451
-43.8 183.8 -0.02296 0.00327 20.5 -0.21 1 1451
168.8 -50.0 -0.01660 -0.00048 2.1 -5.97 1 1451
-226.8 -125.7 -0.06309 -0.01221 7.6 -0.32 1 1451
-112.8 -135.8 -0.02619 -0.00479 4.6 -0.25 1 1451
-202.4 238.8 -0.00655 0.02568 2.8 -1.73 1 1451
81.6 -71.1 -0.02273 0.00676 12.4 -0.25 1 1451
214.6 -78.8 -0.01248 -0.00190 3.0 -3.04 1 1451
181.4 59.1 -0.01659 -0.00165 1.7 -8.41 -1 1451
222.4 334.4 -0.03480 -0.02093 2.5 -1.77 1 1451
98.2 299.8 -0.01629 0.00310 4.0 -1.74 -1 1451
83.3 206.2 -0.01903 0.00372 18.3 -0.14 1 1451
-75.0 88.9 -0.01523 0.00145 2.4 -4.51 -1 1451
-92.7 153.0 -0.01601 0.00203 10.6 -0.28 1 1451
104.3 349.1 -0.01440 0.00234 76.8 -0.04 1 1451
263.1 197.9 -0.01824 -0.00088 13.3 -0.18 1 1451
-190.6 -100.4 -0.11655 0.00388 0.7 -7.81 -1 1451
-141.9 59.9 -0.02150 -0.00290 17.6 -0.25 1 1451
195.9 -100.3 -0.01890 0.00630 8.5 -0.43 1 1451
-105.2 -71.5 -0.01636 0.00469 36.6 -0.04 1 1451
67.9 -67.4 -0.01998 -0.03488 4.4 -0.59 1 1451
256.3 27.3 -0.01668 -0.00116 56.7 -0.08 1 1451
353.0 46.0 -0.01166 0.01350 11.8 -0.28 -1 1451
-157.6 24.0 -0.02248 0.00873 16.5 -0.20 1 1451
167.2 373.5 -0.01453 -0.00379 14.3 -0.13 -1 1451
-61.6 361.8 -0.01830 0.00244 0.9 -32.42 -1 1451
-204.7 253.9 -0.01144 -0.03502 2.6 -2.31 -1 1451
88.3 302.5 -0.01744 -0.00042 3.5 -2.28 -1 1451
319.5 153.7 -0.00690 -0.00374 11.5 -0.24 1 1451
317.4 89.1 -0.01602 0.00146 38.8 -0.08 1 1451
88.4 -29.6 -0.01536 -0.00559 43.1 -0.10 1 1451
28.2 51.2 -0.01660 -0.00474 27.5 -0.11 1 1451
95.1 88.3 -0.01548 0.00065 120.7 -0.03 1 1451
-205.7 24.6 -0.03332 -0.01592 3.7 -1.19 -1 1451
228.0 285.4 -0.01608 0.00049 1.2 -18.08 1 1451
354.1 85.2 -0.01309 -0.00468 58.9 -0.10 1 1451
36.7 333.8 -0.01758 0.00224 2.6 -4.04 1 1451
322.4 277.9 -0.01130 0.00242 18.2 -0.17 1 1451
80.6 106.5 -0.02121 -0.00012 40.3 -0.14 -1 1451
0.4 159.5 -0.01398 0.00249 56.4 -0.05 -1 1451
380.5 323.8 -0.01650 0.00201 13.6 -0.30 1 1451
132.7 354.9 -0.01257 -0.00306 29.6 -0.10 1 1451
6.4 166.7 -0.01450 0.00205 2.8 -3.51 -1 1451
-276.3 384.1 -0.04420 -0.00558 6.7 -0.44 1 1451
207.2 134.3 -0.00999 -0.00196 21.6 -0.14 1 1451
312.8 193.7 -0.01533 -0.00427 9.3 -0.33 1 1451
120.1 -42.4 -0.01802 -0.00154 20.9 -0.11 1 1451
-81.6 138.1 -0.01748 -0.00246 16.9 -0.18 1 1451
-37.6 332.1 -0.01859 0.00348 10.8 -0.32 1 1451
214.1 7.7 -0.01223 -0.00511 44.5 -0.11 1 1451
-189.4 332.1 -0.01784 0.00411 70.5 -0.06 1 1451
-45.5 14.0 -0.01830 -0.00033 2.4 -4.52 1 1451
188.4 344.8 -0.01552 0.00886 12.3 -0.20 1 1451
236.5 3.1 -0.01291 -0.00299 2.2 -5.52 1 1451
401.2 374.3 0.01338 -0.01305 1.9 -2.66 1 1451
-111.5 319.5 -0.01756 0.00385 51.0 -0.05 1 1420
-177.6 -13.0 -0.03423 -0.01267 9.3 -0.49 -1 1420
79.3 123.0 -0.01860 -0.00384 22.7 -0.13 -1 1420
288.5 -105.7 -0.01780 0.00097 7.3 -0.55 1 1420
274.1 332.0 -0.00549 0.00264 7.7 -0.45 1 1420
84.9 8.0 -0.01626 -0.00472 29.0 -0.11 1 1420
201.4 322.2 -0.01115 0.00499 7.9 -0.45 1 1420
48.0 362.1 -0.01337 0.00936 35.1 -0.11 1 1420
402.9 55.5 -0.00983 -0.00466 41.0 -0.14 1 1420
124.4 190.4 -0.01313 0.00190 24.6 -0.11 1 1420
-112.1 298.9 -0.01884 -0.00800 17.7 -0.13 1 1420
312.3 -49.6 -0.01513 -0.00579 23.8 -0.16 1 1420
301.4 370.4 -0.01357 -0.00649 4.3 -1.12 1 1420
-16.2 -47.2 -0.02306 0.00452 14.2 -0.23 1 1420
21.9 262.4 -0.01128 -0.01872 12.4 -0.19 1 1420
-85.0 264.4 -0.01629 -0.00265 12.0 -0.26 1 1420
35.3 314.7 -0.02112 -0.00268 13.9 -0.22 -1 1420
32.0 290.1 -0.01389 -0.00279 26.8 -0.11 -1 1420
164.7 49.5 -0.01634 -0.00347 7.9 -0.48 1 1420
194.9 248.0 -0.01351 0.00253 107.0 -0.05 1 1420
287.9 125.9 -0.01266 -0.00981 18.4 -0.18 1 1420
288.6 186.6 -0.01396 0.00318 18.9 -0.12 1 1420
225.3 331.5 -0.01221 0.00278 5.9 -0.83 1 1420
345.4 41.8 -0.01134 -0.00034 17.8 -0.18 1 1420
-83.8 130.9 -0.01430 0.00036 43.4 -0.08 1 1420
0.8 38.9 -0.01773 -0.00410 3.2 -2.39 1 1420
-281.2 -89.7 -0.05923 0.00997 6.1 -0.39 1 1420
-132.1 62.6 -0.00888 0.01229 2.5 -1.29 1 1420
305.8 332.8 -0.01166 0.00330 14.3 -0.23 -1 1420
119.7 151.7 -0.05785 -0.01661 2.0 -0.90 1 1420
144.6 341.1 -0.01061 -0.00143 11.0 -0.27 -1 1420
298.0 -105.8 -0.02409 -0.01010 15.4 -0.14 -1 1420
385.3 -44.9 -0.01061 -0.00568 39.2 -0.15 1 1420
372.9 -86.1 -0.01058 -0.00512 10.6 -0.37 1 1420
-5.1 -66.0 -0.02782 0.01737 4.5 -0.45 1 1420
363.7 205.2 -0.01958 -0.01116 4.3 -0.67 1 1420
-208.0 169.4 -0.00641 0.00274 12.5 -0.26 1 1420
122.0 265.3 -0.00790 -0.00300 13.0 -0.19 -1 1420
-129.7 -121.9 -0.01799 -0.00710 16.2 -0.23 1 1420
-195.4 -68.3 -0.01757 -0.00064 108.4 0.00 -1 1420
23.6 -65.2 -0.02002 -0.00784 17.5 -0.20 1 1420
-153.8 364.5 -0.02925 0.00764 7.4 -0.54 1 1420
339.3 -104.4 -0.01522 -0.00823 15.0 -0.22 -1 1420
283.0 -63.6 -0.01479 -0.00760 19.0 -0.16 -1 1420
59.2 -85.7 -0.02310 0.00062 11.5 -0.30 -1 1420
90.5 -56.1 -0.01994 -0.00702 12.1 -0.27 1 1420
-11.5 171.5 -0.01457 0.00239 14.6 -0.17 1 1420
-152.9 146.0 0.01735 0.04018 0.8 -3.17 -1 1420
300.8 139.3 -0.00970 -0.00368 30.8 -0.13 1 1420
377.3 -96.1 -0.00806 -0.01129 8.1 -0.53 1 1420
414.2 239.2 -0.01396 -0.00002 21.5 -0.19 1 1420
321.6 -41.2 -0.02196 0.00695 4.0 -1.02 1 1420
345.2 371.5 -0.01615 0.00195 94.9 -0.10 1 1420
382.5 80.7 -0.01406 0.00176 12.9 -0.21 1 1420
152.4 -84.5 -0.00729 0.00091 9.0 -0.45 1 1420
292.5 307.5 -0.00978 -0.00339 8.6 -0.44 1 1420
-117.2 130.0 -0.02662 0.00143 26.8 -0.23 1 1420
-10.9 158.0 -0.01585 -0.00238 8.6 -0.42 1 1420
172.9 332.4 -0.01966 -0.00098 26.0 -0.14 1 1420
246.5 138.3 -0.01491 -0.00332 29.6 -0.11 1 1420
-144.3 84.1 0.04546 -0.00691 3.5 -0.72 -1 1420
-132.2 397.3 -0.00921 0.00664 17.1 -0.10 1 1420
-91.8 86.7 -0.01970 0.00126 10.9 -0.28 1 1420
190.1 246.7 -0.01537 0.00323 34.8 -0.07 1 1420
49.6 216.6 -0.02735 0.03449 3.1 -0.71 1 1420
265.7 274.4 -0.01173 -0.00119 17.3 -0.22 1 1420
181.4 339.4 -0.01441 0.00380 27.5 -0.09 1 1420
0.6 69.8 0.02461 0.01288 0.7 -6.10 1 1420
55.3 375.6 -0.02223 0.01022 2.7 -2.34 1 1420
197.1 399.8 -0.00233 0.01843 1.8 -0.78 1 1420
-208.1 106.8 -0.03094 -0.01213 4.9 -0.74 1 1420
-159.1 -58.9 -0.02262 -0.00676 9.2 -0.52 1 1420
103.9 -9.9 -0.01612 -0.01343 11.7 -0.29 -1 1420
185.3 -183.2 0.00702 0.01218 2.6 -0.26 1 1420
359.9 117.5 -0.01566 0.00506 5.1 -0.85 1 1420
204.6 -42.5 -0.01228 0.00085 23.4 -0.11 1 1420
321.9 192.5 -0.00404 -0.00909 13.9 -0.26 1 1420
219.6 254.8 -0.01355 -0.00156 8.5 -0.40 -1 1420
-84.8 66.3 -0.02070 -0.00355 25.5 -0.19 1 1420
-186.8 51.1 -0.02479 -0.00017 12.9 -0.30 1 1420
333.4 413.0 -0.02722 0.02232 11.7 -0.14 1 1420
302.1 275.7 -0.00771 -0.00147 29.8 -0.13 -1 1420
337.0 356.0 -0.00752 0.00083 15.8 -0.18 1 1420
34.1 -118.0 -0.01297 -0.00417 37.1 -0.13 -1 1420
360.7 -68.6 -0.01176 -0.00471 11.1 -0.32 -1 1420
104.7 388.2 -0.02166 0.00286 22.6 -0.18 -1 1420
-155.4 84.6 -0.02477 -0.00189 8.6 -0.49 1 1420
34.3 348.0 -0.01595 0.00945 5.0 -0.71 1 1420
107.4 200.4 -0.01153 -0.00271 18.8 -0.13 1 1420
98.0 364.8 -0.01415 -0.00098 11.1 -0.28 1 1420
323.8 327.8 -0.01673 0.00835 13.3 -0.25 1 1413
-95.6 11.0 -0.02522 -0.00479 5.6 -1.08 -1 1413
361.6 -38.4 -0.01121 0.01307 9.0 -0.42 1 1413
368.4 90.9 -0.00997 -0.00130 5.9 -0.69 -1 1413
-6.6 57.4 -0.01894 0.00069 9.1 -0.31 -1 1413
219.3 229.0 -0.01215 0.00005 24.2 -0.13 1 1413
31.2 -56.8 -0.01510 -0.00735 5.3 -0.72 1 1413
466.5 -23.3 0.03615 -0.10753 1.3 -0.76 -1 1413
143.8 393.2 -0.01204 0.00713 17.3 -0.16 -1 1413
-75.4 -106.6 -0.01653 -0.00485 16.6 -0.20 -1 1413
59.2 372.1 -0.01824 0.00139 13.8 -0.20 1 1413
407.4 134.8 -0.01056 -0.00254 14.5 -0.26 1 1413
193.7 251.6 -0.00814 -0.00977 10.4 -0.29 -1 1413
342.4 65.8 -0.01662 -0.00122 10.9 -0.32 -1 1413
210.0 133.1 -0.01117 -0.00442 45.6 -0.09 -1 1413
-129.5 334.1 -0.02585 -0.00304 16.7 -0.17 1 1413
59.7 29.0 -0.01172 -0.00616 18.8 -0.14 -1 1413
124.4 371.4 -0.01715 0.00447 17.6 -0.16 -1 1413
-10.0 149.0 -0.01426 -0.00248 7.8 -0.43 1 1413
317.0 55.3 -0.01554 0.00111 4.0 -1.66 -1 1413
129.6 310.9 -0.01683 0.00398 22.3 -0.12 -1 1413
-74.7 -104.4 -0.02021 -0.01206 7.6 -0.39 1 1413
364.8 211.0 -0.01140 0.01033 15.3 -0.35 -1 1413
-55.2 277.2 -0.01921 0.00006 13.5 -0.23 1 1413
-14.1 178.6 -0.02430 -0.00365 23.4 -0.23 1 1413
402.5 46.0 -0.01328 -0.00378 19.0 -0.17 -1 1413
-520.8 109.5 -0.01266 0.01274 2.7 -0.21 -1 1413
98.2 290.2 -0.03433 -0.00321 4.7 -0.40 1 1413
29.8 92.6 0.01136 -0.05089 1.9 -3.26 1 1413
-59.6 332.3 -0.02797 -0.00239 26.4 -0.25 -1 1413
68.1 -2.3 -0.01118 -0.00715 11.1 -0.23 1 1413
-204.6 257.3 -0.03803 -0.00764 0.9 -6.83 1 1413
145.3 289.0 -0.01016 -0.00106 19.0 -0.14 -1 1413
123.6 44.7 -0.01286 -0.00273 11.4 -0.26 1 1413
-6.5 150.6 -0.02119 -0.00812 34.6 -0.12 1 1413
75.1 228.2 -0.01347 0.00177 18.7 -0.11 -1 1413
291.0 149.0 -0.01135 -0.00011 19.1 -0.15 1 1413
85.0 329.2 -0.01595 -0.04216 2.7 -0.63 1 1413
233.5 311.5 -0.00657 -0.00400 10.9 -0.27 1 1413
201.6 317.7 -0.01803 0.00213 20.7 -0.21 1 1413
59.6 -18.0 -0.01308 -0.00517 22.1 -0.14 1 1413
52.5 -25.0 -0.02095 -0.00693 28.5 -0.18 -1 1413
293.2 191.7 -0.01447 0.00260 15.2 -0.16 1 1413
350.7 -7.6 -0.01291 -0.00481 13.8 -0.22 1 1413
405.0 356.4 -0.00887 0.00074 6.2 -0.66 1 1413
64.8 343.2 -0.01366 0.00389 24.1 -0.13 1 1413
144.0 -131.7 -0.01479 -0.00024 84.2 -0.02 -1 1332
29.0 157.4 -0.01328 0.00159 15.6 -0.14 1 1332
-195.0 353.2 -0.01677 0.00490 161.6 -0.03 -1 1332
218.3 253.0 -0.00967 0.00385 17.4 -0.17 1 1332
85.6 418.8 -0.01757 0.00381 61.2 -0.05 -1 1332
-21.9 125.9 -0.01169 -0.00061 108.5 -0.01 -1 1332
-98.4 147.1 -0.01507 0.00014 28.3 -0.07 1 1332
62.3 355.4 -0.01511 0.00347 145.4 -0.03 -1 1332
165.1 400.9 -0.00892 0.00169 51.0 -0.04 -1 1332
478.5 -151.1 -0.00072 0.00589 17.5 -0.09 1 1332
-55.7 354.2 -0.01629 0.00322 154.3 -0.02 -1 1332
244.4 185.5 -0.01304 0.00161 147.0 -0.04 1 1332
88.4 -135.3 -0.01611 0.00380 53.8 -0.02 -1 1332
-208.9 133.3 -0.00798 0.00400 17.3 -0.05 -1 1332
378.0 -100.4 -0.01214 -0.00088 74.3 -0.05 1 1332
329.9 396.2 -0.01190 0.00703 45.1 -0.12 -1 1332
341.2 -46.4 -0.01198 0.00148 88.8 -0.05 1 1332
157.6 139.7 -0.04998 -0.02450 3.5 -0.61 1 1332
-118.5 73.1 -0.01713 0.00128 135.2 -0.01 -1 1332
227.3 42.0 -0.00203 -0.00882 14.8 -0.18 -1 1332
-7.6 356.3 -0.02680 0.02624 1.9 -1.49 1 1332
-255.0 317.7 -0.01663 -0.00045 20.1 -0.07 -1 1332
-1.6 307.0 -0.01581 0.00310 130.2 -0.03 1 1332
-558.3 -92.3 -0.04224 -0.00021 7.1 -0.14 -1 1332
110.5 39.9 -0.01359 0.00092 12.9 -0.19 1 1332
279.0 420.6 -0.01277 0.00898 81.2 -0.06 -1 1332
390.3 323.4 -0.00630 -0.02490 25.2 -0.13 -1 1332
374.3 311.5 -0.00834 -0.00321 2.7 -2.77 -1 1332
-178.4 -161.7 -0.02087 -0.00848 32.7 -0.02 -1 1332
-247.6 -34.2 -0.02204 0.00349 11.7 -0.41 1 1332
-170.2 79.8 -0.01775 0.00118 189.1 -0.01 -1 1332
244.5 298.4 -0.01354 0.00266 133.2 -0.04 -1 1332
-119.8 306.5 -0.01676 0.00286 156.7 -0.02 -1 1332
-175.0 -89.7 -0.01743 -0.00083 202.3 0.00 -1 1332
198.8 -18.7 -0.01380 -0.00020 224.4 -0.02 -1 1332
332.5 287.8 -0.01274 0.00255 139.8 -0.05 -1 1332
-427.1 -6.1 -0.02886 0.00801 53.3 -0.06 -1 1332
-176.9 -83.3 -0.01778 -0.00078 116.5 -0.01 -1 1332
199.0 176.3 -0.01391 0.00166 108.5 -0.03 -1 1332
221.0 -21.6 -0.01324 0.00526 47.3 -0.05 1 1332
-56.6 386.8 -0.01624 0.00389 190.1 -0.03 -1 1332
-227.7 -7.4 -0.01884 -0.00064 121.3 0.00 -1 1332
-152.1 103.8 -0.01712 0.00106 150.7 0.00 -1 1332
-124.0 -59.1 -0.03019 -0.00652 11.2 -0.37 -1 1332
156.2 135.4 -0.01379 0.00149 142.8 -0.02 -1 1332
310.9 52.3 -0.01263 0.00042 159.3 -0.04 1 1332
393.7 62.2 -0.01162 0.00071 112.5 -0.05 -1 1332
-311.8 270.6 -0.02001 0.00959 117.6 -0.04 -1 1332
-34.4 95.2 -0.01187 0.00134 90.2 -0.01 1 1332
250.3 64.0 -0.01218 0.00006 3.0 -2.78 1 1332
515.1 334.7 -0.03904 0.09486 1.9 -0.39 1 1332
227.8 -67.3 -0.01370 -0.00119 163.6 -0.03 1 1332
373.4 321.0 -0.01242 0.00284 86.0 -0.06 1 1332
132.9 159.1 -0.01164 0.00500 33.9 -0.06 1 1332
364.9 137.3 -0.01250 0.00126 119.1 -0.04 1 1332
-135.7 69.5 -0.01706 0.00069 174.3 0.00 -1 1332
-123.6 -16.1 -0.01677 -0.00659 9.8 -0.32 1 1332
371.7 -0.6 -0.02035 -0.01103 8.8 -0.32 1 1332
247.6 124.8 -0.01094 0.00483 49.5 -0.06 -1 1332
266.0 63.7 -0.01229 0.00081 207.9 -0.03 -1 1332
138.6 52.4 -0.01355 0.00077 187.0 -0.01 -1 1332
-210.4 -70.3 -0.01841 0.00076 167.0 -0.01 -1 1332
123.6 152.4 -0.01463 0.00135 151.6 -0.02 -1 1332
330.6 33.4 -0.01790 0.00126 82.2 -0.07 -1 1332
-288.5 80.5 -0.01227 0.01672 13.6 -0.03 -1 1332
-53.8 131.9 -0.01547 -0.00497 32.4 -0.08 1 1332
202.3 370.6 -0.01389 0.00337 155.7 -0.04 -1 1332
51.0 69.2 -0.01103 -0.00807 5.7 -0.77 -1 1332
-298.2 124.8 -0.01832 0.00425 122.2 -0.02 -1 1332
-60.8 298.4 -0.01635 0.00292 177.0 -0.02 -1 1332
-52.2 222.8 -0.01393 0.00192 108.9 -0.06 1 1332
8.9 274.7 -0.01825 0.00414 30.2 -0.10 1 1332
3.3 336.9 -0.01575 0.00298 80.1 -0.02 -1 1332
505.7 45.8 0.04076 0.02318 8.2 -0.27 1 1332
-267.7 38.7 -0.01535 -0.00280 91.7 -0.01 -1 1332
411.0 -47.1 -0.00425 -0.00170 29.9 -0.15 1 1332
-127.8 -42.9 -0.01689 -0.00046 77.7 -0.01 -1 1332
-25.7 440.3 -0.01616 0.00783 76.9 -0.04 -1 1332
402.4 401.9 -0.00925 0.00247 104.9 -0.07 -1 1332
66.8 169.9 -0.01330 0.00255 24.5 -0.10 1 1332
-106.1 226.2 -0.01717 0.00315 84.6 -0.02 -1 1332
369.4 322.8 -0.01395 0.00415 20.4 -0.14 1 1332
-109.1 -68.6 -0.01667 -0.00071 112.2 0.00 -1 1332
-138.5 -78.4 -0.01380 -0.00459 49.2 -0.01 -1 1332
194.5 132.8 -0.00996 0.00276 46.6 -0.09 1 1332
295.5 77.9 -0.01312 0.00073 49.5 -0.04 1 1332
-22.8 -106.2 -0.01632 -0.00087 124.8 -0.01 1 1332
151.5 336.7 -0.01421 0.00327 92.3 -0.04 -1 1332
-121.3 -83.5 -0.01727 -0.00088 109.5 -0.01 -1 1332
-391.4 213.0 -0.01878 0.02297 33.0 -0.07 -1 1332
-180.3 193.8 -0.01798 0.00250 195.3 -0.01 -1 1332
-211.0 2.9 -0.01830 -0.00070 99.3 0.00 -1 1332
265.4 192.4 -0.01390 -0.00385 44.3 -0.08 -1 1332
58.3 523.6 -0.02793 0.01756 11.2 -0.12 1 1332
63.1 260.8 -0.01660 -0.00228 32.3 -0.08 -1 1332
86.7 205.7 -0.01539 -0.00482 32.3 -0.08 1 1332
119.8 146.6 -0.01451 0.00170 203.6 -0.02 -1 1332
127.7 -98.8 -0.01395 -0.00788 22.4 -0.15 -1 1332
291.7 -58.4 -0.01314 -0.00049 65.2 -0.04 1 1332
456.2 427.2 -0.00551 -0.00256 68.6 -0.10 1 1332
344.3 -55.8 -0.01528 0.00085 37.1 -0.11 1 1332
277.7 261.6 -0.01361 0.00475 57.1 -0.07 1 1332
163.1 282.4 -0.01424 0.00250 97.5 -0.03 -1 1332
-73.5 112.7 -0.01664 0.00170 145.7 -0.01 -1 1332
203.5 386.3 -0.01383 0.00357 140.4 -0.04 -1 1332
139.6 472.9 -0.01166 0.01237 42.0 -0.05 -1 1332
-142.8 -87.0 -0.01939 -0.00124 144.0 -0.02 -1 1332
9.3 338.3 -0.01555 0.00309 149.2 -0.02 -1 1332
-41.3 316.9 -0.02752 0.00425 13.1 -0.25 1 1332
315.3 317.7 -0.01283 0.00281 143.0 -0.05 -1 1332
-193.9 425.3 -0.01551 0.00470 72.8 -0.03 -1 1332
160.3 201.0 -0.01433 0.00179 157.8 -0.02 -1 1332
-131.9 -252.2 -0.03722 -0.00937 16.9 -0.07 -1 1332
-78.3 446.9 -0.02613 0.00341 34.9 -0.05 -1 1332
194.0 194.5 -0.01434 0.05619 1.4 -2.06 -1 1332
251.8 -112.0 -0.01263 -0.00241 132.9 -0.03 -1 1332
-111.9 25.9 -0.01414 -0.00068 117.7 0.00 -1 1332
-189.8 206.3 -0.01758 0.00204 171.0 -0.01 -1 1332
182.7 -120.2 -0.00669 -0.00863 20.5 -0.11 1 1332
-266.2 -2.1 -0.02409 0.00107 76.2 -0.01 -1 1332
-189.4 54.4 -0.01672 0.00181 136.5 0.00 -1 1332
123.5 222.8 -0.01511 -0.00282 26.5 -0.09 1 1332
163.4 388.8 -0.01108 0.00389 23.9 -0.13 1 1332
-316.0 402.9 -0.02099 0.00954 58.9 -0.05 -1 1332
-95.0 204.0 -0.01296 0.00143 55.5 -0.01 -1 1332
-210.7 159.5 -0.01848 -0.00056 125.2 -0.01 -1 1332
33.1 378.8 -0.01537 0.00375 173.5 -0.03 -1 1332
134.7 -2.7 -0.00538 -0.00165 28.0 -0.06 1 1332
473.8 -71.7 -0.00802 -0.00528 14.1 -0.07 1 1332
-175.6 238.9 -0.01777 0.00197 148.6 -0.02 1 1332
89.6 270.6 -0.00337 -0.03228 7.8 -0.17 -1 1332
-184.0 134.1 -0.02771 -0.00338 20.4 -0.34 1 1332
103.1 134.3 -0.01098 -0.00257 24.6 -0.10 1 1332
236.6 -18.9 -0.01124 -0.00757 20.7 -0.15 1 1332
312.6 15.5 -0.01008 0.00005 21.3 -0.18 1 1332
388.3 84.6 -0.01315 0.00205 36.1 -0.07 -1 1332
402.4 -70.1 -0.01560 -0.00283 110.8 -0.06 1 1332
203.3 126.4 -0.01394 0.00106 158.1 -0.02 -1 1332
315.1 92.1 -0.01340 -0.00534 21.6 -0.13 1 1332
-73.1 256.9 -0.01446 0.00286 57.5 -0.06 1 1332
-188.6 -5.8 -0.01736 0.00000 59.2 -0.01 -1 1332
-29.2 17.0 -0.01382 -0.00759 36.7 -0.10 -1 1332
13.4 -8.4 -0.01578 0.00007 97.8 -0.01 -1 1332
-201.2 24.0 -0.01774 0.00021 131.9 0.00 -1 1332
290.3 235.7 -0.01256 0.00272 132.7 -0.05 -1 1332
-346.8 -38.5 -0.02997 -0.00219 10.1 -0.05 -1 1332
-106.7 154.9 -0.01675 0.00197 150.1 -0.01 -1 1332
-124.6 -93.9 -0.00997 0.00298 6.2 -0.65 1 1332
165.3 198.6 -0.01173 0.00046 15.4 -0.26 1 1332
194.4 -116.1 -0.00679 -0.02105 12.5 -0.24 -1 1332
-333.6 375.8 0.00095 0.01099 8.0 -0.06 1 1332
210.8 -100.0 -0.01387 -0.00088 98.6 -0.02 -1 1332
386.6 201.6 -0.01221 0.00178 139.2 -0.05 -1 1332
-101.4 82.0 -0.01496 0.00462 76.4 -0.02 1 1332
376.7 -82.2 -0.01238 -0.00073 206.9 -0.04 1 1332
-156.7 29.1 -0.03373 0.00367 4.2 -0.83 1 1332
348.8 -99.2 -0.01326 -0.00083 140.7 -0.04 1 1332
372.6 62.6 0.01228 0.00403 2.2 -2.53 1 1332
385.9 188.1 -0.00387 -0.00772 9.5 -0.37 1 1332
286.0 399.5 -0.00707 0.00839 79.1 -0.12 -1 1332
-261.1 305.4 -0.02550 -0.00274 58.1 -0.03 -1 1332
41.1 477.0 -0.04899 0.01656 2.7 -0.19 1 1332
139.4 288.3 -0.01095 0.00279 23.7 -0.10 1 1332
-103.6 140.6 -0.01467 0.00338 32.1 -0.06 1 1332
52.6 288.6 -0.00454 0.01572 15.2 -0.19 1 1332
-34.5 -69.2 -0.02109 0.00814 92.7 -0.02 -1 1332
201.9 225.7 -0.01839 0.00870 7.8 -0.49 -1 1332
259.8 154.2 -0.01007 -0.00430 37.6 -0.10 -1 1332
6.0 378.4 -0.02376 0.00196 22.6 -0.23 1 1332
216.6 -88.4 -0.01993 -0.00727 4.9 -0.53 1 1332
336.4 220.7 -0.01165 0.00545 53.1 -0.08 -1 1332
324.1 156.3 -0.00906 -0.00175 19.4 -0.20 1 1332
187.8 219.8 -0.01042 0.00384 28.4 -0.11 1 1332
260.7 -101.8 -0.01344 -0.00097 128.6 -0.03 -1 1332
360.6 403.7 -0.01179 -0.00304 86.9 -0.08 1 1332
194.7 114.3 -0.00644 0.04066 3.1 -0.55 -1 1332
335.0 138.3 -0.01198 0.00148 153.9 -0.04 -1 1332
55.2 323.5 -0.01506 0.00355 121.2 -0.03 -1 1332
269.9 107.3 -0.00586 -0.00549 8.4 -0.25 -1 1332
282.5 -112.5 -0.01287 0.00033 21.0 -0.17 -1 1332
225.9 87.2 -0.01373 0.00070 65.0 -0.03 -1 1332
-121.9 81.6 -0.01645 0.00201 13.1 -0.15 1 1332
-134.0 -114.8 -0.01846 -0.00098 92.6 0.00 -1 1332
276.8 304.6 -0.01277 0.00303 172.8 -0.06 1 1332
-33.3 521.7 -0.01719 0.00457 41.8 -0.05 -1 1332
401.0 375.1 -0.01210 0.00333 125.4 -0.07 -1 1332
5.3 12.3 -0.01896 -0.00580 5.0 -1.00 1 1276
400.9 52.2 -0.00698 -0.00606 9.2 -0.36 -1 1276
192.0 133.2 -0.01998 -0.00656 9.7 -0.34 1 1276
31.6 390.4 -0.00550 -0.00490 14.1 -0.15 1 1276
65.3 300.2 -0.02096 -0.02538 1.5 -2.84 1 1276
393.6 76.0 -0.00579 -0.00521 10.1 -0.37 1 1276
379.7 9.0 -0.01277 -0.00453 3.1 -2.39 1 1276
229.3 281.1 -0.01807 -0.00192 5.5 -0.83 1 1276
400.9 45.1 -0.01322 0.00155 17.5 -0.13 -1 1276
-194.9 304.7 -0.01931 0.00403 14.7 -0.18 -1 1276
38.9 -198.5 -0.02279 0.00397 1.6 -0.35 1 1276
286.2 193.4 -0.01186 0.00117 2.9 -3.00 1 1276
-170.9 79.3 -0.01713 -0.00405 13.2 -0.20 1 1276
278.2 266.3 -0.01993 -0.00276 6.4 -0.61 1 1276
136.8 376.3 -0.01126 0.00498 10.9 -0.26 -1 1276
351.8 68.1 -0.00876 0.00082 3.2 -1.68 1 1276
38.5 381.9 -0.02130 -0.01213 10.0 -0.23 1 1276
-181.3 68.8 -0.02542 0.00225 14.1 -0.33 1 1276
4.8 279.2 -0.02451 0.00753 7.5 -0.54 -1 1276
-116.9 87.2 -0.01550 0.00314 11.7 -0.18 1 1276
86.7 -86.4 -0.01978 -0.02167 5.1 -0.80 1 1276
212.5 90.8 -0.01360 -0.00458 9.1 -0.34 -1 1276
-120.1 71.5 -0.02466 0.00096 8.6 -0.46 1 1276
-96.0 243.5 -0.01756 -0.00243 16.1 -0.12 1 1276
91.9 38.1 -0.02684 -0.00928 7.6 -0.42 -1 1276
154.1 -50.5 -0.05154 0.01313 6.1 -0.57 -1 1276
-213.5 -102.2 -0.02000 -0.00098 69.7 -0.01 -1 1276
120.7 21.9 -0.01349 -0.00505 6.5 -0.62 -1 1276
292.8 125.4 -0.00927 -0.00032 16.4 -0.18 -1 1276
144.2 260.8 -0.01933 -0.00667 4.7 -1.06 -1 1276
282.4 -40.0 -0.01905 -0.00775 8.9 -0.40 1 1276
20.0 270.1 -0.01430 0.00371 6.9 -0.53 -1 1276
206.0 118.3 -0.01024 0.00037 15.7 -0.16 -1 1276
402.8 -62.9 0.01484 0.00825 6.8 -0.41 -1 1276
-204.2 216.1 -0.01898 -0.00067 17.1 -0.08 1 1276
62.1 332.5 -0.01220 0.00017 7.6 -0.49 1 1276
-101.7 324.5 -0.01186 -0.00635 8.9 -0.33 -1 1276
48.9 149.7 -0.02146 0.00155 7.9 -0.46 1 1276
407.6 11.1 -0.00902 -0.00490 9.1 -0.43 1 1276
-151.3 -37.6 -0.01698 -0.00857 9.6 -0.29 1 1276
389.3 337.3 -0.01923 0.00253 8.8 -0.39 -1 1276
99.0 -1.5 -0.00574 0.00809 1.8 -4.95 -1 1276
93.2 -22.5 -0.01434 0.00472 9.5 -0.32 1 1276
120.9 331.0 -0.01634 -0.00419 5.1 -0.86 -1 1276
402.7 306.7 0.00038 -0.05788 1.2 -2.13 1 1276
-0.7 18.0 -0.01295 -0.00621 19.1 -0.13 1 1276
-235.6 102.0 -0.07867 -0.02552 2.3 -0.60 1 1276
362.4 152.2 -0.01206 -0.00396 11.1 -0.27 -1 1276
134.0 140.3 -0.05538 -0.02886 1.8 -1.77 1 1276
355.3 15.3 -0.04082 0.00895 1.1 -6.52 1 1276
91.2 351.1 -0.01267 -0.01097 5.3 -0.87 1 1276
305.7 210.8 -0.01291 0.00244 47.5 -0.06 1 1276
361.0 221.9 -0.01340 0.00291 2.2 -4.63 1 1276
336.6 -65.3 -0.01508 0.00054 20.3 -0.11 1 1276
99.4 169.2 -0.01718 -0.01073 7.7 -0.49 1 1276
367.5 150.5 -0.01531 -0.00299 12.3 -0.23 1 1276
76.9 314.5 -0.01345 0.00429 7.1 -0.53 -1 1276
195.9 314.3 -0.01503 -0.00122 8.8 -0.34 1 1276
390.1 265.8 -0.02568 -0.01066 6.6 -0.54 1 1276
280.3 102.2 -0.01481 0.00200 8.3 -0.38 -1 1276
-244.7 92.5 -0.05256 0.00819 3.7 -0.20 1 1276
-56.9 52.8 -0.01356 -0.00216 16.1 -0.12 -1 1276
-218.4 71.8 -0.00626 -0.00193 2.7 -0.58 -1 1276
-22.0 317.1 -0.02809 -0.00608 1.3 -4.35 1 1276
-156.0 -38.0 -0.01697 -0.00036 2.3 -4.31 1 1276
226.7 53.9 -0.01885 0.00245 4.7 -1.09 1 1276
-56.7 257.9 -0.02514 -0.00109 6.2 -0.74 1 1276
162.6 153.4 -0.01384 -0.00677 5.2 -0.79 1 1276
33.2 -99.4 -0.02415 -0.00649 5.8 -0.84 1 1276
-187.4 464.7 0.05000 0.13040 0.9 -1.16 -1 1276
-141.3 55.6 -0.02580 0.00177 6.8 -0.65 1 1276
395.8 -114.1 -0.00956 -0.02353 3.5 -1.04 1 1276
412.6 152.2 -0.01169 -0.00345 10.4 -0.31 -1 1276
170.7 -18.7 -0.01610 -0.00679 10.1 -0.33 -1 1276
58.2 291.3 -0.02757 0.00703 4.0 -1.40 -1 1276
200.1 -29.8 -0.01179 0.00095 3.9 -1.34 -1 1276
22.7 306.7 -0.01265 0.00477 12.1 -0.21 -1 1276
262.8 -50.0 -0.01501 0.00058 18.4 -0.12 -1 1276
284.4 336.2 -0.01527 0.00433 2.1 -5.15 -1 1276
312.2 41.7 -0.00619 -0.00492 5.6 -0.72 -1 1276
314.1 -73.2 -0.00234 0.00997 1.8 -3.21 -1 1276
259.6 -0.8 -0.04783 -0.05642 1.1 -1.64 -1 1276
355.2 226.4 -0.00687 -0.00296 12.8 -0.25 1 1276
402.9 -91.0 0.01629 0.00861 5.4 -0.62 -1 1276
235.5 -112.1 -0.00511 -0.00514 4.1 -0.59 -1 1276
38.2 29.6 -0.01458 -0.00541 18.7 -0.14 1 1276
317.3 -55.9 -0.01053 0.02059 8.5 -0.33 -1 1276
-168.9 56.6 -0.01868 -0.00602 21.0 -0.12 -1 1276
74.2 407.9 -0.00533 0.04525 3.3 -0.85 -1 1276
-84.6 398.7 0.00920 -0.06987 1.9 -0.41 1 1276
-149.5 385.2 -0.01633 0.00451 4.4 -1.26 1 1276
395.5 164.9 -0.00895 -0.00426 14.1 -0.17 1 1276
307.0 5.1 -0.01219 -0.00651 12.0 -0.24 1 1276
-180.8 -21.1 -0.02478 -0.00583 8.3 -0.64 1 1276
134.0 223.0 -0.02150 0.00396 11.9 -0.31 1 1237
88.8 202.7 -0.02578 0.00876 4.4 -0.73 -1 1237
117.9 -35.3 -0.01473 -0.00037 131.5 -0.01 1 1237
458.8 201.0 0.01597 0.00491 2.2 -0.40 1 1237
50.7 313.4 -0.03385 -0.00815 1.2 -8.61 -1 1237
129.9 146.1 -0.01112 -0.00390 9.2 -0.40 -1 1237
53.8 389.7 -0.00896 -0.00518 35.6 -0.04 -1 1237
132.8 -69.9 -0.01466 -0.00065 100.3 -0.02 1 1237
252.5 249.3 -0.01513 0.00778 2.8 -2.19 1 1237
-120.6 169.1 -0.01999 0.00225 6.4 -0.63 1 1237
74.8 364.8 -0.01788 -0.01187 3.1 -0.77 -1 1237
88.1 97.7 -0.01582 -0.00339 5.0 -0.99 -1 1237
404.4 198.1 -0.01238 -0.00225 2.9 -2.67 1 1237
-9.0 -104.3 -0.01564 -0.01615 1.2 -4.58 1 1237
193.8 23.1 -0.01775 -0.00786 10.3 -0.38 1 1237
184.8 280.3 -0.01233 0.00047 5.6 -0.79 1 1237
327.7 132.1 -0.01170 -0.00299 5.6 -0.83 -1 1237
-233.9 -101.1 -0.01729 0.00025 115.7 -0.01 -1 1237
-221.1 49.8 -0.01056 -0.00377 37.5 -0.02 1 1237
113.2 288.3 -0.01603 0.00344 1.8 -7.07 1 1237
-55.4 -46.9 -0.02596 0.00826 3.3 -1.20 1 1237
243.7 252.0 -0.02339 -0.00679 3.6 -1.59 -1 1237
-41.1 242.2 -0.02512 0.00122 3.7 -1.23 1 1237
128.0 88.8 -0.02164 0.00154 6.3 -0.61 1 1237
190.4 376.9 -0.01894 -0.00838 4.4 -0.56 1 1237
-52.8 315.3 -0.02249 0.00459 11.1 -0.38 1 1237
-40.2 -78.6 -0.01163 -0.03505 1.5 -3.51 1 1237
371.2 226.7 -0.01239 0.00212 54.5 -0.06 1 1237
-58.9 207.3 -0.02404 -0.00203 11.8 -0.36 1 1237
370.4 397.6 -0.01279 0.00178 54.9 -0.07 -1 1237
188.2 90.7 -0.01327 0.00117 155.6 -0.02 -1 1237
